0 0.980469 0.017188 0.032813 0.031250
0 0.981250 0.048438 0.031250 0.025000
0 0.985938 0.081250 0.025000 0.031250
0 0.987500 0.112500 0.018750 0.028125
0 0.939844 0.018750 0.045312 0.031250
0 0.943750 0.050000 0.040625 0.025000
0 0.954688 0.080469 0.037500 0.029687
0 0.959375 0.111719 0.037500 0.026562
0 0.968750 0.142969 0.034375 0.032813
0 0.980469 0.176563 0.029687 0.031250
0 0.986719 0.206250 0.023438 0.021875
0 0.890625 0.015625 0.043750 0.025000
0 0.900000 0.043750 0.043750 0.025000
0 0.911719 0.075000 0.045312 0.028125
0 0.918750 0.104688 0.037500 0.028125
0 0.929688 0.134375 0.043750 0.028125
0 0.939844 0.165625 0.042188 0.028125
0 0.950000 0.196875 0.040625 0.025000
0 0.961719 0.225000 0.042188 0.025000
0 0.968750 0.253125 0.043750 0.025000
0 0.978125 0.280469 0.040625 0.023438
0 0.981250 0.304688 0.034375 0.018750
0 0.983594 0.327344 0.026562 0.023438
0 0.848437 0.017188 0.034375 0.028125
0 0.860938 0.046094 0.031250 0.026562
0 0.871875 0.073438 0.034375 0.025000
0 0.881250 0.100000 0.031250 0.028125
0 0.887500 0.134375 0.040625 0.034375
0 0.899219 0.168750 0.035937 0.031250
0 0.909375 0.200000 0.034375 0.028125
0 0.917969 0.228125 0.035937 0.028125
0 0.925000 0.259375 0.037500 0.031250
0 0.937500 0.296094 0.043750 0.032813
0 0.946875 0.328125 0.040625 0.025000
0 0.956250 0.356250 0.043750 0.028125
0 0.990625 0.356250 0.015625 0.025000
0 0.990625 0.383594 0.010000 0.023438
0 0.960938 0.390625 0.043750 0.031250
0 0.975000 0.421875 0.040625 0.025000
0 0.981250 0.450000 0.025000 0.028125
0 0.986719 0.478125 0.023438 0.025000
0 0.992188 0.503125 0.012500 0.018750
0 0.812500 0.012500 0.043750 0.025000
0 0.821875 0.037500 0.043750 0.025000
0 0.831250 0.068750 0.043750 0.028125
0 0.840625 0.099219 0.043750 0.026562
0 0.846875 0.129688 0.040625 0.025000
0 0.860938 0.161719 0.046875 0.032813
0 0.868750 0.193750 0.043750 0.028125
0 0.875000 0.225000 0.043750 0.028125
0 0.884375 0.256250 0.043750 0.025000
0 0.892969 0.285938 0.042188 0.028125
0 0.902344 0.315625 0.039062 0.025000
0 0.906250 0.342969 0.043750 0.026562
0 0.910937 0.371875 0.043750 0.025000
0 0.924219 0.400000 0.035937 0.025000
0 0.934375 0.426563 0.037500 0.025000
0 0.943750 0.455469 0.040625 0.026562
0 0.954688 0.484375 0.037500 0.028125
0 0.964063 0.510938 0.040625 0.021875
0 0.970313 0.537500 0.046875 0.028125
0 0.978125 0.565625 0.037500 0.025000
0 0.981250 0.592969 0.031250 0.026562
0 0.771875 0.012500 0.037500 0.025000
0 0.778125 0.037500 0.034375 0.025000
0 0.784375 0.065625 0.040625 0.025000
0 0.796094 0.093750 0.042188 0.025000
0 0.806250 0.123438 0.040625 0.028125
0 0.814844 0.152344 0.035937 0.023438
0 0.823438 0.178125 0.037500 0.021875
0 0.831250 0.203125 0.034375 0.025000
0 0.839844 0.231250 0.029687 0.028125
0 0.849219 0.262500 0.029687 0.028125
0 0.856250 0.293750 0.025000 0.025000
0 0.860938 0.321875 0.040625 0.025000
0 0.868750 0.346875 0.034375 0.025000
0 0.874219 0.371875 0.029687 0.021875
0 0.885938 0.396875 0.037500 0.021875
0 0.896094 0.421875 0.035937 0.025000
0 0.906250 0.450000 0.034375 0.025000
0 0.917969 0.478125 0.032813 0.025000
0 0.925000 0.510938 0.037500 0.034375
0 0.925000 0.540625 0.034375 0.018750
0 0.934375 0.564844 0.043750 0.023438
0 0.940625 0.589844 0.043750 0.020313
0 0.730469 0.014063 0.035937 0.025000
0 0.735938 0.037500 0.031250 0.025000
0 0.740625 0.068750 0.034375 0.025000
0 0.751563 0.096094 0.028125 0.026562
0 0.753125 0.121875 0.028125 0.021875
0 0.765625 0.146094 0.037500 0.023438
0 0.768750 0.170313 0.031250 0.021875
0 0.776563 0.193750 0.031250 0.021875
0 0.784375 0.217188 0.034375 0.021875
0 0.793750 0.240625 0.031250 0.025000
0 0.800000 0.268750 0.037500 0.025000
0 0.809375 0.298438 0.043750 0.028125
0 0.818750 0.330469 0.037500 0.032813
0 0.825000 0.361719 0.028125 0.023438
0 0.831250 0.386719 0.034375 0.017188
0 0.850000 0.440625 0.040625 0.034375
0 0.856250 0.474219 0.043750 0.026562
0 0.870313 0.500000 0.040625 0.025000
0 0.878125 0.525000 0.043750 0.021875
0 0.885938 0.549219 0.037500 0.020313
0 0.886719 0.571875 0.032813 0.018750
0 0.893750 0.596875 0.028125 0.025000
0 0.690625 0.009375 0.043750 0.018750
0 0.700000 0.033594 0.037500 0.020313
0 0.703125 0.058594 0.043750 0.023438
0 0.709375 0.081250 0.034375 0.021875
0 0.715625 0.106250 0.040625 0.025000
0 0.721875 0.130469 0.034375 0.020313
0 0.731250 0.155469 0.034375 0.023438
0 0.740625 0.180469 0.034375 0.020313
0 0.746094 0.203125 0.032813 0.018750
0 0.750000 0.224219 0.034375 0.017188
0 0.759375 0.243750 0.034375 0.021875
0 0.765625 0.268750 0.034375 0.025000
0 0.771875 0.293750 0.031250 0.021875
0 0.783594 0.318750 0.032813 0.025000
0 0.784375 0.342969 0.034375 0.023438
0 0.793750 0.368750 0.034375 0.025000
0 0.796875 0.389844 0.025000 0.010937
0 0.809375 0.409375 0.040625 0.025000
0 0.809375 0.433594 0.028125 0.020313
0 0.815625 0.456250 0.031250 0.025000
0 0.821094 0.481250 0.035937 0.025000
0 0.828125 0.506250 0.037500 0.025000
0 0.834375 0.531250 0.034375 0.018750
0 0.846875 0.554688 0.037500 0.021875
0 0.855469 0.578125 0.032813 0.021875
0 0.862500 0.600000 0.028125 0.018750
0 0.651563 0.009375 0.034375 0.018750
0 0.657813 0.034375 0.037500 0.021875
0 0.674219 0.083594 0.039062 0.023438
0 0.662500 0.059375 0.031250 0.018750
0 0.681250 0.107813 0.031250 0.021875
0 0.687500 0.131250 0.034375 0.021875
0 0.696094 0.155469 0.039062 0.020313
0 0.700000 0.181250 0.037500 0.025000
0 0.709375 0.208594 0.034375 0.023438
0 0.715625 0.233594 0.040625 0.020313
0 0.721875 0.256250 0.040625 0.021875
0 0.729688 0.278125 0.034375 0.018750
0 0.734375 0.302344 0.043750 0.023438
0 0.742188 0.328125 0.043750 0.021875
0 0.746875 0.353125 0.037500 0.025000
0 0.758594 0.378125 0.035937 0.025000
0 0.765625 0.406250 0.040625 0.025000
0 0.775000 0.430469 0.040625 0.023438
0 0.780469 0.454688 0.035937 0.025000
0 0.787500 0.481250 0.025000 0.025000
0 0.793750 0.506250 0.025000 0.021875
0 0.807813 0.531250 0.021875 0.021875
0 0.814063 0.556250 0.025000 0.025000
0 0.825000 0.579688 0.025000 0.018750
0 0.832812 0.600000 0.025000 0.018750
0 0.611719 0.011719 0.035937 0.023438
0 0.618750 0.037500 0.034375 0.025000
0 0.626563 0.065625 0.040625 0.025000
0 0.634375 0.089063 0.040625 0.021875
0 0.642969 0.112500 0.042188 0.021875
0 0.650000 0.134375 0.034375 0.021875
0 0.655469 0.159375 0.039062 0.021875
0 0.659375 0.181250 0.034375 0.018750
0 0.668750 0.202344 0.040625 0.023438
0 0.675000 0.225000 0.034375 0.021875
0 0.680469 0.249219 0.032813 0.020313
0 0.689063 0.271875 0.034375 0.018750
0 0.693750 0.293750 0.034375 0.021875
0 0.700000 0.321875 0.025000 0.015625
0 0.709375 0.350000 0.034375 0.021875
0 0.717969 0.371875 0.042188 0.021875
0 0.721875 0.396875 0.034375 0.021875
0 0.733594 0.421875 0.032813 0.025000
0 0.742969 0.446094 0.035937 0.020313
0 0.750000 0.468750 0.037500 0.021875
0 0.753125 0.492969 0.037500 0.026562
0 0.768750 0.517188 0.031250 0.018750
0 0.774219 0.542188 0.045312 0.025000
0 0.780469 0.565625 0.039062 0.018750
0 0.787500 0.589063 0.043750 0.021875
0 0.796094 0.609375 0.042188 0.018750
0 0.799219 0.628125 0.032813 0.012500
0 0.803125 0.646875 0.025000 0.025000
0 0.574219 0.009375 0.042188 0.018750
0 0.575000 0.028125 0.028125 0.018750
0 0.587500 0.056250 0.034375 0.025000
0 0.592969 0.081250 0.032813 0.021875
0 0.596875 0.103125 0.034375 0.018750
0 0.606250 0.125000 0.043750 0.021875
0 0.611719 0.153125 0.039062 0.031250
0 0.621875 0.181250 0.037500 0.021875
0 0.626563 0.205469 0.037500 0.020313
0 0.634375 0.231250 0.037500 0.021875
0 0.643750 0.254688 0.037500 0.021875
0 0.651563 0.281250 0.037500 0.031250
0 0.658594 0.308594 0.035937 0.023438
0 0.667188 0.334375 0.034375 0.021875
0 0.675000 0.358594 0.034375 0.020313
0 0.687500 0.406250 0.034375 0.021875
0 0.678125 0.381250 0.034375 0.021875
0 0.698438 0.433594 0.040625 0.026562
0 0.705469 0.461719 0.048438 0.023438
0 0.712500 0.487500 0.037500 0.025000
0 0.718750 0.512500 0.043750 0.021875
0 0.731250 0.534375 0.034375 0.021875
0 0.736719 0.559375 0.042188 0.028125
0 0.743750 0.587500 0.034375 0.025000
0 0.752344 0.612500 0.035937 0.021875
0 0.533594 0.010156 0.032813 0.020313
0 0.542969 0.034375 0.039062 0.025000
0 0.550000 0.057813 0.034375 0.018750
0 0.557813 0.078125 0.034375 0.021875
0 0.562500 0.103125 0.034375 0.021875
0 0.565625 0.131250 0.031250 0.028125
0 0.575000 0.158594 0.031250 0.023438
0 0.590625 0.210938 0.034375 0.028125
0 0.581250 0.181250 0.034375 0.021875
0 0.600000 0.243750 0.031250 0.025000
0 0.606250 0.271875 0.031250 0.021875
0 0.612500 0.296094 0.034375 0.020313
0 0.621875 0.321875 0.034375 0.025000
0 0.639844 0.371094 0.035937 0.017188
0 0.631250 0.350000 0.037500 0.025000
0 0.653125 0.418750 0.031250 0.025000
0 0.646875 0.393750 0.031250 0.025000
0 0.662500 0.471094 0.037500 0.026562
0 0.658594 0.443750 0.035937 0.025000
0 0.681250 0.517969 0.040625 0.020313
0 0.690625 0.540625 0.034375 0.025000
0 0.674219 0.496094 0.035937 0.017188
0 0.664844 0.490625 0.020313 0.010000
0 0.705469 0.590625 0.039062 0.025000
0 0.487500 0.009375 0.034375 0.018750
0 0.493750 0.030469 0.037500 0.020313
0 0.502344 0.054688 0.042188 0.021875
0 0.510938 0.078125 0.053125 0.028125
0 0.527344 0.130469 0.039062 0.023438
0 0.517969 0.104688 0.045312 0.021875
0 0.534375 0.156250 0.040625 0.025000
0 0.546094 0.185938 0.039062 0.025000
0 0.553125 0.212500 0.037500 0.025000
0 0.561719 0.239844 0.039062 0.029687
0 0.577344 0.293750 0.039062 0.025000
0 0.581250 0.325000 0.034375 0.025000
0 0.596875 0.378125 0.043750 0.025000
0 0.593750 0.352344 0.037500 0.020313
0 0.568750 0.267188 0.034375 0.021875
0 0.604688 0.402344 0.043750 0.023438
0 0.611719 0.430469 0.045312 0.029687
0 0.453125 0.010156 0.028125 0.020313
0 0.462500 0.034375 0.028125 0.021875
0 0.471094 0.059375 0.023438 0.025000
0 0.481250 0.109375 0.028125 0.025000
0 0.474219 0.084375 0.026562 0.021875
0 0.492969 0.137500 0.032813 0.021875
0 0.496875 0.162500 0.028125 0.021875
0 0.487500 0.153125 0.010000 0.015625
0 0.506250 0.185938 0.034375 0.025000
0 0.502344 0.181250 0.023438 0.015625
0 0.524219 0.246875 0.029687 0.028125
0 0.515625 0.214844 0.034375 0.029687
0 0.531250 0.273438 0.031250 0.021875
0 0.539844 0.299219 0.035937 0.029687
0 0.543750 0.325000 0.040625 0.021875
0 0.553125 0.352344 0.043750 0.026562
0 0.557813 0.378125 0.034375 0.021875
0 0.568750 0.429688 0.034375 0.028125
0 0.418750 0.011719 0.025000 0.020313
0 0.428125 0.034375 0.028125 0.021875
0 0.440625 0.062500 0.025000 0.025000
0 0.440625 0.087500 0.025000 0.015625
0 0.562500 0.400000 0.034375 0.025000
0 0.452344 0.107813 0.026562 0.025000
0 0.458594 0.134375 0.017188 0.015625
0 0.465625 0.155469 0.021875 0.020313
0 0.471875 0.183594 0.025000 0.026562
0 0.478125 0.212500 0.034375 0.025000
0 0.490625 0.242188 0.034375 0.028125
0 0.506250 0.303125 0.025000 0.025000
0 0.500000 0.274219 0.025000 0.029687
0 0.509375 0.331250 0.018750 0.028125
0 0.520312 0.361719 0.021875 0.026562
0 0.534375 0.390625 0.015625 0.021875
0 0.537500 0.418750 0.015625 0.034375
0 0.392188 0.014063 0.028125 0.028125
0 0.399219 0.043750 0.026562 0.028125
0 0.408594 0.078125 0.032813 0.034375
0 0.421875 0.054688 0.010000 0.012500
0 0.418750 0.112500 0.034375 0.028125
0 0.439063 0.174219 0.031250 0.023438
0 0.430469 0.145313 0.032813 0.028125
0 0.446094 0.203125 0.023438 0.025000
0 0.450000 0.231250 0.028125 0.025000
0 0.459375 0.256250 0.028125 0.018750
0 0.467969 0.278125 0.035937 0.025000
0 0.475000 0.306250 0.031250 0.025000
0 0.481250 0.334375 0.028125 0.025000
0 0.489844 0.364063 0.032813 0.025000
0 0.508594 0.423438 0.039062 0.031250
0 0.501563 0.392188 0.043750 0.025000
0 0.350000 0.015625 0.034375 0.025000
0 0.358594 0.043750 0.035937 0.025000
0 0.367188 0.071875 0.040625 0.025000
0 0.378125 0.100000 0.034375 0.025000
0 0.387500 0.125000 0.034375 0.021875
0 0.393750 0.150000 0.031250 0.025000
0 0.402344 0.176563 0.035937 0.018750
0 0.409375 0.196875 0.037500 0.021875
0 0.415625 0.221875 0.034375 0.021875
0 0.418750 0.246875 0.037500 0.025000
0 0.426563 0.275000 0.040625 0.025000
0 0.431250 0.303125 0.043750 0.025000
0 0.440625 0.331250 0.043750 0.025000
0 0.443750 0.353125 0.040625 0.021875
0 0.456250 0.395313 0.040625 0.021875
0 0.452344 0.374219 0.035937 0.014063
0 0.464844 0.415625 0.035937 0.015625
0 0.470313 0.434375 0.031250 0.018750
0 0.317188 0.009375 0.028125 0.015625
0 0.318750 0.028125 0.021875 0.015625
0 0.325000 0.046875 0.025000 0.021875
0 0.332813 0.071094 0.028125 0.023438
0 0.343750 0.093750 0.034375 0.018750
0 0.346875 0.120313 0.034375 0.021875
0 0.352344 0.142969 0.039062 0.023438
0 0.360938 0.165625 0.031250 0.018750
0 0.367969 0.187500 0.035937 0.021875
0 0.375000 0.210938 0.034375 0.021875
0 0.379688 0.234375 0.037500 0.018750
0 0.381250 0.258594 0.031250 0.020313
0 0.387500 0.282813 0.028125 0.025000
0 0.392969 0.308594 0.029687 0.023438
0 0.400000 0.332813 0.031250 0.021875
0 0.409375 0.356250 0.025000 0.021875
0 0.412500 0.378125 0.031250 0.018750
0 0.417969 0.399219 0.029687 0.017188
0 0.428125 0.424219 0.034375 0.026562
0 0.952344 0.609375 0.026562 0.021875
0 0.908594 0.621094 0.017188 0.017188
0 0.865625 0.618750 0.025000 0.018750
0 0.876563 0.637500 0.021875 0.015625
0 0.842969 0.639844 0.029687 0.023438
0 0.837500 0.620313 0.028125 0.015625
0 0.280469 0.012500 0.045312 0.025000
0 0.284375 0.039062 0.037500 0.021875
0 0.289844 0.062500 0.042188 0.021875
0 0.308594 0.115625 0.032813 0.025000
0 0.300000 0.085938 0.034375 0.021875
0 0.309375 0.140625 0.034375 0.021875
0 0.321875 0.168750 0.037500 0.028125
0 0.331250 0.196875 0.034375 0.025000
0 0.337500 0.224219 0.034375 0.023438
0 0.345313 0.251563 0.037500 0.028125
0 0.350000 0.278125 0.037500 0.025000
0 0.356250 0.303125 0.037500 0.025000
0 0.365625 0.331250 0.037500 0.028125
0 0.371875 0.359375 0.043750 0.025000
0 0.377344 0.383594 0.042188 0.023438
0 0.383594 0.412500 0.045312 0.031250
0 0.239063 0.014063 0.031250 0.025000
0 0.246875 0.037500 0.031250 0.021875
0 0.254688 0.062500 0.028125 0.021875
0 0.262500 0.086719 0.031250 0.020313
0 0.271094 0.109375 0.035937 0.018750
0 0.274219 0.134375 0.032813 0.025000
0 0.278125 0.158594 0.025000 0.014063
0 0.286719 0.181250 0.032813 0.025000
0 0.293750 0.209375 0.037500 0.025000
0 0.301563 0.236719 0.034375 0.023438
0 0.305469 0.262500 0.032813 0.025000
0 0.309375 0.285938 0.025000 0.018750
0 0.321875 0.332813 0.034375 0.021875
0 0.318750 0.309375 0.031250 0.021875
0 0.329688 0.356250 0.034375 0.025000
0 0.336719 0.381250 0.035937 0.025000
0 0.340625 0.412500 0.034375 0.028125
0 0.203125 0.011719 0.034375 0.023438
0 0.217188 0.065625 0.040625 0.025000
0 0.209375 0.037500 0.043750 0.028125
0 0.225000 0.096094 0.043750 0.023438
0 0.236719 0.121094 0.032813 0.020313
0 0.246875 0.146094 0.037500 0.023438
0 0.249219 0.196094 0.039062 0.029687
0 0.248438 0.168750 0.034375 0.018750
0 0.262500 0.228125 0.043750 0.025000
0 0.275000 0.281250 0.031250 0.021875
0 0.271875 0.256250 0.028125 0.025000
0 0.284375 0.306250 0.028125 0.021875
0 0.280469 0.330469 0.039062 0.026562
0 0.290625 0.356250 0.037500 0.025000
0 0.296875 0.381250 0.037500 0.021875
0 0.302344 0.409375 0.035937 0.034375
0 0.165625 0.012500 0.040625 0.021875
0 0.171094 0.037500 0.032813 0.028125
0 0.178125 0.065625 0.034375 0.021875
0 0.190625 0.093750 0.028125 0.025000
0 0.200000 0.121875 0.043750 0.025000
0 0.212500 0.171875 0.037500 0.018750
0 0.209375 0.149219 0.034375 0.020313
0 0.215625 0.193750 0.028125 0.018750
0 0.221875 0.218750 0.031250 0.025000
0 0.225000 0.242969 0.025000 0.017188
0 0.246875 0.253125 0.018750 0.021875
0 0.230469 0.262500 0.032813 0.018750
0 0.242188 0.283594 0.031250 0.020313
0 0.250000 0.303125 0.034375 0.021875
0 0.246875 0.325000 0.021875 0.018750
0 0.254688 0.350000 0.028125 0.025000
0 0.259375 0.374219 0.028125 0.020313
0 0.262500 0.396094 0.031250 0.023438
0 0.256250 0.417969 0.015625 0.017188
0 0.281250 0.428125 0.034375 0.037500
0 0.125000 0.014063 0.034375 0.021875
0 0.132812 0.037500 0.034375 0.021875
0 0.140625 0.062500 0.034375 0.025000
0 0.150000 0.096094 0.040625 0.029687
0 0.156250 0.125000 0.040625 0.025000
0 0.165625 0.149219 0.046875 0.020313
0 0.171875 0.171875 0.040625 0.025000
0 0.178125 0.196875 0.037500 0.021875
0 0.183594 0.224219 0.042188 0.023438
0 0.192188 0.248438 0.037500 0.021875
0 0.196875 0.270313 0.034375 0.018750
0 0.211719 0.287500 0.029687 0.018750
0 0.190625 0.296094 0.015625 0.017188
0 0.215625 0.334375 0.043750 0.025000
0 0.209375 0.308594 0.037500 0.023438
0 0.218750 0.362500 0.040625 0.025000
0 0.221875 0.387500 0.034375 0.025000
0 0.231250 0.421875 0.034375 0.037500
0 0.085938 0.014844 0.043750 0.026562
0 0.100000 0.067969 0.037500 0.026562
0 0.093750 0.040625 0.040625 0.025000
0 0.109375 0.096094 0.037500 0.026562
0 0.117969 0.123438 0.039062 0.025000
0 0.125000 0.150000 0.034375 0.025000
0 0.131250 0.178125 0.031250 0.025000
0 0.139063 0.206250 0.034375 0.025000
0 0.150000 0.237500 0.037500 0.028125
0 0.156250 0.265625 0.034375 0.028125
0 0.165625 0.293750 0.034375 0.025000
0 0.171875 0.321094 0.034375 0.026562
0 0.177344 0.349219 0.032813 0.026562
0 0.186719 0.371875 0.032813 0.021875
0 0.190625 0.396875 0.034375 0.025000
0 0.193750 0.427344 0.034375 0.029687
0 0.046875 0.015625 0.043750 0.028125
0 0.054688 0.043750 0.040625 0.021875
0 0.068750 0.099219 0.037500 0.026562
0 0.059375 0.068750 0.037500 0.025000
0 0.075000 0.127344 0.034375 0.026562
0 0.096094 0.183594 0.035937 0.026562
0 0.087500 0.156250 0.040625 0.028125
0 0.106250 0.212500 0.031250 0.025000
0 0.112500 0.239844 0.034375 0.026562
0 0.121875 0.264844 0.034375 0.023438
0 0.129688 0.293750 0.034375 0.025000
0 0.134375 0.321094 0.034375 0.023438
0 0.143750 0.346094 0.034375 0.023438
0 0.149219 0.371094 0.042188 0.026562
0 0.150000 0.396094 0.037500 0.023438
0 0.158594 0.421875 0.032813 0.025000
0 0.012500 0.017969 0.025000 0.029687
0 0.015625 0.050000 0.031250 0.028125
0 0.023438 0.081250 0.037500 0.025000
0 0.032813 0.108594 0.037500 0.026562
0 0.037500 0.134375 0.037500 0.025000
0 0.048438 0.159375 0.040625 0.021875
0 0.053125 0.184375 0.043750 0.025000
0 0.065625 0.212500 0.043750 0.025000
0 0.071875 0.240625 0.037500 0.025000
0 0.081250 0.268750 0.040625 0.025000
0 0.092188 0.293750 0.037500 0.025000
0 0.096875 0.318750 0.034375 0.025000
0 0.104688 0.346875 0.037500 0.025000
0 0.106250 0.371875 0.034375 0.018750
0 0.114844 0.396094 0.035937 0.017188
0 0.123438 0.414844 0.031250 0.014063
0 0.009375 0.114844 0.012500 0.026562
0 0.010156 0.148438 0.020313 0.034375
0 0.017969 0.184375 0.032813 0.034375
0 0.025000 0.217969 0.034375 0.026562
0 0.034375 0.246094 0.037500 0.023438
0 0.043750 0.273438 0.040625 0.025000
0 0.050000 0.300000 0.040625 0.025000
0 0.059375 0.325000 0.034375 0.021875
0 0.064844 0.350000 0.039062 0.021875
0 0.068750 0.371875 0.040625 0.018750
0 0.076563 0.390625 0.037500 0.021875
0 0.084375 0.418750 0.043750 0.028125
0 0.006250 0.240625 0.012500 0.025000
0 0.012500 0.274219 0.021875 0.032813
0 0.014844 0.308594 0.026562 0.032813
0 0.021875 0.342969 0.037500 0.029687
0 0.027344 0.374219 0.042188 0.029687
0 0.012500 0.398438 0.025000 0.046875
0 0.037500 0.402344 0.034375 0.020313
0 0.048438 0.431250 0.037500 0.037500
0 0.760938 0.634375 0.034375 0.025000
0 0.778125 0.682813 0.037500 0.018750
0 0.773438 0.659375 0.040625 0.025000
0 0.696875 0.565625 0.034375 0.018750
0 0.721875 0.650000 0.043750 0.025000
0 0.715625 0.621875 0.043750 0.031250
0 0.729688 0.684375 0.046875 0.037500
0 0.631250 0.487500 0.034375 0.025000
0 0.637500 0.512500 0.034375 0.021875
0 0.642188 0.539844 0.034375 0.026562
0 0.665625 0.553125 0.018750 0.031250
0 0.648438 0.564844 0.031250 0.017188
0 0.658594 0.581250 0.029687 0.012500
0 0.660937 0.603125 0.034375 0.025000
0 0.668750 0.626563 0.028125 0.018750
0 0.674219 0.650000 0.042188 0.025000
0 0.681250 0.675000 0.034375 0.025000
0 0.687500 0.703125 0.034375 0.025000
0 0.596094 0.484375 0.035937 0.025000
0 0.600000 0.512500 0.037500 0.025000
0 0.603125 0.537500 0.034375 0.021875
0 0.612500 0.562500 0.031250 0.025000
0 0.624219 0.589844 0.035937 0.026562
0 0.631250 0.617188 0.034375 0.025000
0 0.637500 0.642969 0.034375 0.023438
0 0.645312 0.667188 0.034375 0.018750
0 0.655469 0.689844 0.029687 0.023438
0 0.556250 0.486719 0.034375 0.026562
0 0.562500 0.512500 0.031250 0.025000
0 0.571875 0.535937 0.031250 0.025000
0 0.580469 0.565625 0.029687 0.028125
0 0.586719 0.593750 0.032813 0.025000
0 0.593750 0.621875 0.040625 0.021875
0 0.596875 0.642969 0.037500 0.020313
0 0.606250 0.668750 0.034375 0.018750
0 0.615625 0.690625 0.043750 0.021875
0 0.621094 0.714063 0.039062 0.018750
0 0.528125 0.484375 0.034375 0.028125
0 0.533594 0.512500 0.029687 0.025000
0 0.542188 0.540625 0.034375 0.028125
0 0.548438 0.568750 0.031250 0.021875
0 0.551562 0.590625 0.034375 0.028125
0 0.556250 0.620313 0.034375 0.025000
0 0.559375 0.646875 0.040625 0.025000
0 0.567187 0.671094 0.034375 0.020313
0 0.577344 0.693750 0.032813 0.021875
0 0.581250 0.715625 0.034375 0.018750
0 0.586719 0.736719 0.029687 0.017188
0 0.490625 0.493750 0.037500 0.025000
0 0.575000 0.450000 0.025000 0.012500
0 0.499219 0.517969 0.035937 0.020313
0 0.503125 0.542969 0.034375 0.020313
0 0.509375 0.564844 0.034375 0.023438
0 0.517969 0.615625 0.035937 0.021875
0 0.514844 0.590625 0.032813 0.021875
0 0.520312 0.637500 0.034375 0.021875
0 0.526563 0.659375 0.031250 0.018750
0 0.534375 0.681250 0.034375 0.021875
0 0.549219 0.725000 0.035937 0.021875
0 0.540625 0.703125 0.037500 0.021875
0 0.442188 0.480469 0.040625 0.023438
0 0.459375 0.532813 0.040625 0.028125
0 0.450000 0.504687 0.043750 0.025000
0 0.465625 0.559375 0.034375 0.025000
0 0.474219 0.584375 0.035937 0.018750
0 0.480469 0.603125 0.032813 0.021875
0 0.484375 0.625000 0.034375 0.021875
0 0.490625 0.649219 0.028125 0.023438
0 0.496875 0.671875 0.025000 0.018750
0 0.502344 0.689844 0.026562 0.020313
0 0.506250 0.709375 0.028125 0.015625
0 0.514844 0.728125 0.029687 0.015625
0 0.517188 0.746875 0.025000 0.018750
0 0.549219 0.745313 0.029687 0.012500
0 0.389844 0.465625 0.048438 0.028125
0 0.400000 0.492969 0.031250 0.014063
0 0.407813 0.510938 0.037500 0.018750
0 0.415625 0.533594 0.043750 0.020313
0 0.425000 0.556250 0.043750 0.021875
0 0.431250 0.580469 0.040625 0.020313
0 0.443750 0.603125 0.037500 0.025000
0 0.450000 0.626563 0.034375 0.018750
0 0.455469 0.650000 0.039062 0.025000
0 0.464844 0.675000 0.042188 0.018750
0 0.478125 0.725000 0.037500 0.021875
0 0.483594 0.746875 0.039062 0.015625
0 0.489844 0.761719 0.029687 0.017188
0 0.471094 0.700000 0.035937 0.028125
0 0.345313 0.471875 0.031250 0.025000
0 0.359375 0.493750 0.040625 0.025000
0 0.367188 0.520312 0.043750 0.025000
0 0.375000 0.546875 0.043750 0.021875
0 0.387500 0.571875 0.037500 0.025000
0 0.398438 0.596875 0.050000 0.025000
0 0.406250 0.621094 0.046875 0.020313
0 0.412500 0.643750 0.043750 0.021875
0 0.418750 0.668750 0.037500 0.021875
0 0.428125 0.690625 0.050000 0.021875
0 0.431250 0.712500 0.043750 0.021875
0 0.442188 0.731250 0.034375 0.015625
0 0.439844 0.749219 0.029687 0.014063
0 0.443750 0.770312 0.028125 0.025000
0 0.318750 0.483594 0.034375 0.020313
0 0.325000 0.506250 0.031250 0.021875
0 0.332813 0.531250 0.034375 0.025000
0 0.340625 0.554688 0.034375 0.018750
0 0.346875 0.575000 0.043750 0.021875
0 0.353125 0.593750 0.034375 0.021875
0 0.359375 0.615625 0.034375 0.018750
0 0.367969 0.636719 0.035937 0.020313
0 0.377344 0.658594 0.035937 0.020313
0 0.381250 0.679688 0.037500 0.018750
0 0.387500 0.704688 0.034375 0.025000
0 0.396094 0.725000 0.023438 0.012500
0 0.400000 0.745313 0.037500 0.021875
0 0.281250 0.481250 0.037500 0.021875
0 0.287500 0.504687 0.040625 0.021875
0 0.403125 0.767969 0.028125 0.026562
0 0.292969 0.531250 0.039062 0.025000
0 0.303125 0.554688 0.037500 0.018750
0 0.305469 0.578125 0.039062 0.021875
0 0.317969 0.603125 0.039062 0.021875
0 0.325000 0.626563 0.037500 0.018750
0 0.331250 0.645312 0.043750 0.021875
0 0.336719 0.668750 0.045312 0.021875
0 0.343750 0.693750 0.043750 0.021875
0 0.353125 0.735938 0.037500 0.021875
0 0.355469 0.718750 0.042188 0.018750
0 0.359375 0.756250 0.034375 0.015625
0 0.364063 0.775000 0.034375 0.021875
0 0.248438 0.485938 0.025000 0.021875
0 0.253125 0.511719 0.028125 0.026562
0 0.258594 0.537500 0.032813 0.021875
0 0.262500 0.561719 0.034375 0.020313
0 0.268750 0.584375 0.040625 0.018750
0 0.277344 0.606250 0.035937 0.021875
0 0.278125 0.629687 0.043750 0.025000
0 0.280469 0.653125 0.051562 0.021875
0 0.298438 0.700000 0.046875 0.015625
0 0.287500 0.680469 0.056250 0.023438
0 0.309375 0.745313 0.034375 0.025000
0 0.306250 0.721094 0.046875 0.023438
0 0.318750 0.765625 0.015625 0.015625
0 0.324219 0.782813 0.010937 0.012500
0 0.206250 0.464844 0.034375 0.020313
0 0.212500 0.485938 0.040625 0.018750
0 0.215625 0.512500 0.040625 0.025000
0 0.221875 0.540625 0.037500 0.021875
0 0.228125 0.562500 0.034375 0.021875
0 0.232813 0.585938 0.031250 0.025000
0 0.237500 0.608594 0.034375 0.020313
0 0.243750 0.631250 0.031250 0.021875
0 0.242969 0.652344 0.026562 0.020313
0 0.248438 0.675000 0.028125 0.021875
0 0.258594 0.700000 0.032813 0.021875
0 0.275000 0.749219 0.034375 0.023438
0 0.267188 0.723437 0.034375 0.021875
0 0.300000 0.796875 0.031250 0.034375
0 0.293750 0.770312 0.037500 0.021875
0 0.170313 0.471875 0.037500 0.025000
0 0.174219 0.496875 0.032813 0.018750
0 0.179688 0.517188 0.034375 0.021875
0 0.181250 0.540625 0.034375 0.025000
0 0.200000 0.589063 0.034375 0.021875
0 0.193750 0.565625 0.034375 0.021875
0 0.201563 0.614062 0.037500 0.025000
0 0.209375 0.637500 0.034375 0.021875
0 0.212500 0.660937 0.034375 0.025000
0 0.227344 0.706250 0.042188 0.021875
0 0.233594 0.729688 0.042188 0.021875
0 0.221875 0.684375 0.034375 0.018750
0 0.239063 0.753125 0.040625 0.025000
0 0.252344 0.776563 0.048438 0.021875
0 0.258594 0.803125 0.045312 0.031250
0 0.131250 0.461719 0.028125 0.020313
0 0.132812 0.481250 0.034375 0.021875
0 0.140625 0.506250 0.037500 0.025000
0 0.146875 0.551562 0.037500 0.025000
0 0.143750 0.528125 0.037500 0.021875
0 0.159375 0.578125 0.040625 0.025000
0 0.162500 0.606250 0.034375 0.025000
0 0.171875 0.628125 0.028125 0.018750
0 0.181250 0.674219 0.034375 0.026562
0 0.178125 0.649219 0.031250 0.020313
0 0.187500 0.702344 0.034375 0.023438
0 0.193750 0.728125 0.034375 0.025000
0 0.200000 0.753125 0.034375 0.021875
0 0.207813 0.778125 0.040625 0.021875
0 0.211719 0.800000 0.048438 0.018750
0 0.221094 0.825000 0.032813 0.028125
0 0.096094 0.459375 0.039062 0.034375
0 0.093750 0.489063 0.034375 0.018750
0 0.109375 0.537500 0.031250 0.025000
0 0.103125 0.511719 0.037500 0.023438
0 0.107813 0.564063 0.043750 0.025000
0 0.117969 0.590625 0.045312 0.021875
0 0.131250 0.611719 0.031250 0.023438
0 0.139063 0.658594 0.043750 0.023438
0 0.139063 0.635938 0.034375 0.018750
0 0.145313 0.684375 0.037500 0.021875
0 0.161719 0.739062 0.032813 0.025000
0 0.165625 0.765625 0.034375 0.025000
0 0.153125 0.710938 0.034375 0.028125
0 0.167969 0.790625 0.035937 0.025000
0 0.180469 0.814063 0.045312 0.015625
0 0.184375 0.831250 0.034375 0.021875
0 0.056250 0.478125 0.037500 0.028125
0 0.062500 0.508594 0.034375 0.026562
0 0.068750 0.537500 0.037500 0.025000
0 0.071875 0.564844 0.025000 0.023438
0 0.078125 0.590625 0.031250 0.025000
0 0.092188 0.617969 0.046875 0.023438
0 0.096875 0.645312 0.034375 0.028125
0 0.103125 0.675000 0.037500 0.028125
0 0.110937 0.706250 0.050000 0.028125
0 0.118750 0.737500 0.043750 0.031250
0 0.123438 0.767969 0.043750 0.020313
0 0.131250 0.787500 0.031250 0.021875
0 0.139063 0.812500 0.031250 0.018750
0 0.146875 0.832812 0.037500 0.025000
0 0.148438 0.854688 0.037500 0.015625
0 0.018750 0.478125 0.034375 0.025000
0 0.023438 0.506250 0.043750 0.028125
0 0.023438 0.533594 0.046875 0.023438
0 0.037500 0.561719 0.040625 0.029687
0 0.040625 0.590625 0.040625 0.028125
0 0.046875 0.618750 0.043750 0.025000
0 0.056250 0.646875 0.046875 0.025000
0 0.059375 0.674219 0.040625 0.020313
0 0.050000 0.667969 0.025000 0.014063
0 0.068750 0.728125 0.046875 0.034375
0 0.065625 0.698438 0.040625 0.021875
0 0.080469 0.759375 0.039062 0.025000
0 0.092188 0.785937 0.046875 0.025000
0 0.102344 0.846094 0.045312 0.035937
0 0.100000 0.814844 0.043750 0.023438
0 0.009375 0.565625 0.018750 0.031250
0 0.011719 0.603125 0.023438 0.037500
0 0.018750 0.642969 0.034375 0.035937
0 0.021875 0.681250 0.034375 0.031250
0 0.025000 0.710938 0.034375 0.021875
0 0.031250 0.733594 0.031250 0.017188
0 0.040625 0.759375 0.040625 0.028125
0 0.056250 0.810937 0.043750 0.025000
0 0.049219 0.785937 0.035937 0.021875
0 0.059375 0.837500 0.034375 0.018750
0 0.065625 0.862500 0.037500 0.028125
0 0.007031 0.715625 0.014063 0.028125
0 0.009375 0.746094 0.018750 0.029687
0 0.015625 0.778125 0.025000 0.028125
0 0.020313 0.811719 0.040625 0.032813
0 0.024219 0.843750 0.039062 0.021875
0 0.028125 0.868750 0.034375 0.025000
0 0.008594 0.854688 0.010937 0.040625
