0 0.017188 0.982031 0.025000 0.029687
0 0.012500 0.953125 0.018750 0.028125
0 0.012500 0.923438 0.015625 0.021875
0 0.042188 0.983594 0.018750 0.020313
0 0.031250 0.955469 0.018750 0.029687
0 0.008594 0.891406 0.010937 0.035937
0 0.066406 0.982031 0.029687 0.023438
0 0.060937 0.958594 0.031250 0.026562
0 0.052344 0.955469 0.023438 0.017188
0 0.037500 0.901563 0.031250 0.031250
0 0.046875 0.932031 0.037500 0.026562
0 0.031250 0.874219 0.031250 0.020313
0 0.023438 0.848437 0.031250 0.028125
0 0.011719 0.823438 0.020313 0.028125
0 0.009375 0.782813 0.015625 0.053125
0 0.105469 0.982812 0.042188 0.028125
0 0.096094 0.954688 0.039062 0.025000
0 0.083594 0.931250 0.029687 0.018750
0 0.079687 0.907031 0.043750 0.026562
0 0.070312 0.882031 0.028125 0.020313
0 0.063281 0.860938 0.035937 0.025000
0 0.057031 0.837500 0.035937 0.025000
0 0.046094 0.811719 0.042188 0.026562
0 0.039844 0.783594 0.039062 0.029687
0 0.039062 0.762500 0.040625 0.021875
0 0.023438 0.739062 0.040625 0.025000
0 0.017188 0.714063 0.031250 0.031250
0 0.015625 0.684375 0.025000 0.031250
0 0.013281 0.650000 0.020313 0.040625
0 0.142969 0.981250 0.042188 0.028125
0 0.121094 0.921094 0.029687 0.020313
0 0.130469 0.948438 0.035937 0.031250
0 0.117188 0.900000 0.031250 0.018750
0 0.103906 0.874219 0.042188 0.026562
0 0.096094 0.850000 0.032813 0.025000
0 0.089844 0.825781 0.032813 0.023438
0 0.082031 0.796875 0.032813 0.028125
0 0.079687 0.770312 0.031250 0.031250
0 0.061719 0.740625 0.045312 0.028125
0 0.052344 0.712500 0.039062 0.025000
0 0.046094 0.686719 0.032813 0.029687
0 0.041406 0.653906 0.035937 0.026562
0 0.020313 0.598437 0.034375 0.028125
0 0.023438 0.627344 0.040625 0.026562
0 0.010156 0.567969 0.017188 0.032813
0 0.181250 0.980469 0.037500 0.032813
0 0.171875 0.949219 0.040625 0.026562
0 0.157031 0.917188 0.032813 0.031250
0 0.150000 0.909375 0.028125 0.021875
0 0.135156 0.850781 0.042188 0.023438
0 0.148438 0.881250 0.040625 0.031250
0 0.132031 0.830469 0.042188 0.023438
0 0.117188 0.783594 0.034375 0.020313
0 0.122656 0.807031 0.045312 0.020313
0 0.112500 0.758594 0.031250 0.023438
0 0.101562 0.738281 0.028125 0.017188
0 0.090625 0.712500 0.037500 0.031250
0 0.083594 0.682031 0.035937 0.029687
0 0.078906 0.657031 0.029687 0.026562
0 0.058594 0.627344 0.035937 0.032813
0 0.049219 0.598437 0.020313 0.028125
0 0.039062 0.566406 0.034375 0.032813
0 0.016406 0.532031 0.026562 0.039062
0 0.035937 0.536719 0.034375 0.029687
0 0.028906 0.510938 0.039062 0.021875
0 0.018750 0.484375 0.031250 0.034375
0 0.222656 0.985156 0.039062 0.020313
0 0.213281 0.959375 0.039062 0.028125
0 0.197656 0.927344 0.042188 0.029687
0 0.189844 0.900781 0.042188 0.023438
0 0.182812 0.870313 0.046875 0.031250
0 0.176563 0.839063 0.040625 0.028125
0 0.166406 0.813281 0.039062 0.020313
0 0.156250 0.788281 0.043750 0.029687
0 0.150781 0.759375 0.035937 0.028125
0 0.135937 0.732812 0.050000 0.028125
0 0.131250 0.708594 0.040625 0.023438
0 0.124219 0.684375 0.042188 0.025000
0 0.113281 0.660156 0.039062 0.020313
0 0.102344 0.635938 0.042188 0.028125
0 0.086719 0.601562 0.054688 0.037500
0 0.079687 0.570312 0.043750 0.025000
0 0.075781 0.542188 0.039062 0.028125
0 0.067969 0.515625 0.032813 0.028125
0 0.056250 0.486719 0.037500 0.029687
0 0.046875 0.453125 0.040625 0.040625
0 0.014063 0.453125 0.021875 0.025000
0 0.009375 0.429688 0.012500 0.018750
0 0.033594 0.417969 0.035937 0.026562
0 0.263281 0.990625 0.039062 0.015625
0 0.252344 0.966406 0.042188 0.029687
0 0.242969 0.937500 0.042188 0.025000
0 0.237500 0.913281 0.034375 0.023438
0 0.228125 0.891406 0.031250 0.017188
0 0.225000 0.869531 0.031250 0.026562
0 0.216406 0.841406 0.035937 0.029687
0 0.206250 0.814063 0.040625 0.025000
0 0.200781 0.789062 0.039062 0.028125
0 0.187500 0.760938 0.040625 0.031250
0 0.181250 0.731250 0.040625 0.031250
0 0.173437 0.707812 0.046875 0.025000
0 0.167187 0.684375 0.040625 0.028125
0 0.157031 0.660156 0.042188 0.023438
0 0.148438 0.635938 0.050000 0.028125
0 0.140625 0.612500 0.043750 0.021875
0 0.134375 0.594531 0.037500 0.020313
0 0.121094 0.571094 0.042188 0.026562
0 0.114062 0.546875 0.040625 0.025000
0 0.110156 0.522656 0.048438 0.026562
0 0.098437 0.498437 0.040625 0.021875
0 0.091406 0.477344 0.035937 0.023438
0 0.085938 0.455469 0.034375 0.023438
0 0.079687 0.433594 0.043750 0.023438
0 0.077344 0.414062 0.039062 0.018750
0 0.303125 0.989844 0.040625 0.017188
0 0.291406 0.967969 0.039062 0.020313
0 0.287500 0.943750 0.037500 0.021875
0 0.278125 0.922656 0.040625 0.020313
0 0.276562 0.899219 0.046875 0.026562
0 0.267188 0.872656 0.037500 0.029687
0 0.260937 0.843750 0.040625 0.031250
0 0.248438 0.814063 0.034375 0.028125
0 0.240625 0.786719 0.034375 0.023438
0 0.228125 0.760938 0.037500 0.028125
0 0.221875 0.734375 0.031250 0.025000
0 0.216406 0.709375 0.035937 0.028125
0 0.196875 0.653906 0.043750 0.023438
0 0.189062 0.628906 0.031250 0.023438
0 0.177344 0.604688 0.039062 0.028125
0 0.167969 0.581250 0.039062 0.021875
0 0.160938 0.558594 0.037500 0.026562
0 0.156250 0.530469 0.040625 0.032813
0 0.146875 0.501563 0.050000 0.021875
0 0.128906 0.473438 0.048438 0.025000
0 0.121875 0.449219 0.031250 0.026562
0 0.114062 0.421094 0.040625 0.029687
0 0.335156 0.966406 0.045312 0.017188
0 0.346094 0.986719 0.045312 0.020313
0 0.331250 0.947656 0.046875 0.023438
0 0.323437 0.925000 0.037500 0.021875
0 0.304688 0.872656 0.046875 0.032813
0 0.318750 0.903906 0.034375 0.026562
0 0.207031 0.682031 0.032813 0.029687
0 0.299219 0.846875 0.029687 0.021875
0 0.285938 0.817969 0.040625 0.032813
0 0.274219 0.788281 0.032813 0.026562
0 0.271875 0.785156 0.021875 0.014063
0 0.260156 0.730469 0.045312 0.029687
0 0.254688 0.700781 0.040625 0.026562
0 0.244531 0.671094 0.039062 0.032813
0 0.228906 0.643750 0.032813 0.021875
0 0.264844 0.761719 0.032813 0.029687
0 0.223438 0.617188 0.034375 0.028125
0 0.216406 0.592187 0.042188 0.028125
0 0.207813 0.570312 0.037500 0.021875
0 0.196875 0.544531 0.031250 0.026562
0 0.189844 0.517188 0.026562 0.031250
0 0.183594 0.495312 0.020313 0.015625
0 0.174219 0.469531 0.042188 0.026562
0 0.160938 0.441406 0.043750 0.032813
0 0.153906 0.416406 0.032813 0.017188
0 0.385156 0.987500 0.035937 0.021875
0 0.378125 0.964063 0.037500 0.021875
0 0.373437 0.940625 0.040625 0.021875
0 0.364063 0.921875 0.040625 0.015625
0 0.358594 0.900781 0.042188 0.026562
0 0.349219 0.873437 0.042188 0.028125
0 0.332813 0.846094 0.040625 0.023438
0 0.325781 0.820312 0.032813 0.031250
0 0.310156 0.788281 0.035937 0.029687
0 0.303125 0.761719 0.037500 0.026562
0 0.300000 0.733594 0.034375 0.032813
0 0.292969 0.703906 0.029687 0.029687
0 0.279687 0.671875 0.034375 0.034375
0 0.267188 0.639062 0.043750 0.031250
0 0.260156 0.614062 0.032813 0.021875
0 0.258594 0.592187 0.029687 0.025000
0 0.245312 0.565625 0.040625 0.028125
0 0.234375 0.537500 0.043750 0.028125
0 0.225000 0.509375 0.046875 0.025000
0 0.212500 0.487500 0.034375 0.018750
0 0.211719 0.467187 0.029687 0.031250
0 0.203125 0.443750 0.034375 0.018750
0 0.190625 0.419531 0.040625 0.029687
0 0.423438 0.987500 0.043750 0.018750
0 0.417969 0.966406 0.035937 0.026562
0 0.412500 0.942187 0.034375 0.021875
0 0.401562 0.919531 0.034375 0.026562
0 0.396094 0.892969 0.032813 0.029687
0 0.385937 0.868750 0.031250 0.021875
0 0.371875 0.842969 0.040625 0.029687
0 0.364844 0.815625 0.039062 0.028125
0 0.350000 0.789844 0.043750 0.029687
0 0.341406 0.763281 0.039062 0.026562
0 0.333594 0.734375 0.035937 0.031250
0 0.324219 0.704688 0.035937 0.031250
0 0.317969 0.675000 0.035937 0.034375
0 0.310156 0.641406 0.039062 0.035937
0 0.298438 0.608594 0.037500 0.029687
0 0.292969 0.582812 0.039062 0.028125
0 0.285938 0.562500 0.037500 0.018750
0 0.279687 0.536719 0.043750 0.032813
0 0.271875 0.507812 0.040625 0.031250
0 0.256250 0.485156 0.043750 0.017188
0 0.250781 0.462500 0.048438 0.025000
0 0.243750 0.436719 0.043750 0.020313
0 0.235156 0.415625 0.042188 0.028125
0 0.463281 0.984375 0.039062 0.028125
0 0.454688 0.962500 0.031250 0.018750
0 0.444531 0.942187 0.026562 0.021875
0 0.435937 0.917969 0.034375 0.026562
0 0.428906 0.893750 0.026562 0.021875
0 0.417969 0.870313 0.029687 0.025000
0 0.411719 0.844531 0.042188 0.032813
0 0.403125 0.812500 0.037500 0.028125
0 0.392969 0.789062 0.039062 0.021875
0 0.380469 0.765625 0.039062 0.021875
0 0.370312 0.738281 0.043750 0.035937
0 0.367188 0.711719 0.037500 0.026562
0 0.353906 0.684375 0.035937 0.025000
0 0.352344 0.663281 0.035937 0.020313
0 0.344531 0.640625 0.039062 0.028125
0 0.335156 0.612500 0.042188 0.031250
0 0.329688 0.582031 0.031250 0.032813
0 0.322656 0.552344 0.032813 0.026562
0 0.314844 0.519531 0.039062 0.042188
0 0.300781 0.483594 0.039062 0.026562
0 0.296094 0.456250 0.039062 0.031250
0 0.282813 0.425781 0.043750 0.032813
0 0.496875 0.982812 0.034375 0.031250
0 0.482031 0.953125 0.039062 0.025000
0 0.476562 0.926562 0.043750 0.025000
0 0.464844 0.896094 0.042188 0.029687
0 0.460938 0.864844 0.043750 0.032813
0 0.446094 0.835938 0.032813 0.018750
0 0.439063 0.814844 0.043750 0.029687
0 0.432812 0.786719 0.043750 0.029687
0 0.421094 0.762500 0.045312 0.021875
0 0.415625 0.735156 0.046875 0.032813
0 0.403125 0.703906 0.037500 0.032813
0 0.394531 0.681250 0.042188 0.021875
0 0.387500 0.653125 0.043750 0.034375
0 0.381250 0.627344 0.043750 0.023438
0 0.376563 0.597656 0.043750 0.032813
0 0.366406 0.571875 0.042188 0.021875
0 0.361719 0.546094 0.042188 0.032813
0 0.353125 0.517188 0.031250 0.025000
0 0.339844 0.489063 0.039062 0.034375
0 0.336719 0.460938 0.026562 0.025000
0 0.331250 0.436719 0.040625 0.029687
0 0.533594 0.976562 0.039062 0.040625
0 0.518750 0.926562 0.034375 0.028125
0 0.510156 0.897656 0.042188 0.026562
0 0.505469 0.869531 0.035937 0.029687
0 0.500000 0.842187 0.046875 0.028125
0 0.478125 0.809375 0.025000 0.034375
0 0.470313 0.782813 0.025000 0.018750
0 0.456250 0.747656 0.031250 0.032813
0 0.453125 0.717969 0.031250 0.023438
0 0.441406 0.692187 0.032813 0.028125
0 0.427344 0.657031 0.032813 0.032813
0 0.423438 0.630469 0.043750 0.035937
0 0.415625 0.599219 0.040625 0.026562
0 0.404687 0.570312 0.028125 0.025000
0 0.397656 0.542188 0.029687 0.031250
0 0.389844 0.514844 0.035937 0.026562
0 0.381250 0.487500 0.034375 0.028125
0 0.373437 0.459375 0.043750 0.031250
0 0.371094 0.433594 0.035937 0.026562
0 0.576562 0.985938 0.040625 0.021875
0 0.566406 0.956250 0.039062 0.031250
0 0.556250 0.927344 0.037500 0.020313
0 0.553906 0.907031 0.035937 0.023438
0 0.548438 0.883594 0.037500 0.026562
0 0.540625 0.857812 0.031250 0.031250
0 0.539062 0.835156 0.028125 0.020313
0 0.518750 0.811719 0.043750 0.029687
0 0.509375 0.783594 0.040625 0.026562
0 0.502344 0.755469 0.045312 0.029687
0 0.497656 0.731250 0.039062 0.018750
0 0.488281 0.707031 0.042188 0.029687
0 0.479687 0.679688 0.046875 0.021875
0 0.473438 0.656250 0.034375 0.025000
0 0.464844 0.631250 0.032813 0.021875
0 0.460156 0.610938 0.026562 0.021875
0 0.447656 0.582031 0.039062 0.035937
0 0.435156 0.544531 0.042188 0.026562
0 0.427344 0.517188 0.039062 0.028125
0 0.416406 0.487500 0.042188 0.031250
0 0.410156 0.459375 0.026562 0.025000
0 0.407031 0.428125 0.032813 0.028125
0 0.618750 0.985938 0.037500 0.021875
0 0.609375 0.960938 0.040625 0.025000
0 0.597656 0.935156 0.042188 0.026562
0 0.589844 0.910156 0.032813 0.020313
0 0.584375 0.885156 0.031250 0.026562
0 0.580469 0.856250 0.042188 0.034375
0 0.564063 0.821875 0.031250 0.031250
0 0.557813 0.796094 0.037500 0.029687
0 0.551562 0.768750 0.046875 0.028125
0 0.539062 0.733594 0.037500 0.045312
0 0.515625 0.672656 0.034375 0.035937
0 0.505469 0.638281 0.035937 0.032813
0 0.495312 0.607812 0.037500 0.028125
0 0.482812 0.579688 0.028125 0.028125
0 0.476562 0.547656 0.040625 0.035937
0 0.458594 0.499219 0.032813 0.032813
0 0.450000 0.469531 0.028125 0.023438
0 0.437500 0.446094 0.025000 0.023438
0 0.434375 0.414062 0.031250 0.031250
0 0.657813 0.987500 0.040625 0.021875
0 0.648438 0.961719 0.040625 0.029687
0 0.642188 0.933594 0.040625 0.020313
0 0.632812 0.906250 0.046875 0.034375
0 0.624219 0.878125 0.042188 0.025000
0 0.621094 0.853906 0.035937 0.026562
0 0.608594 0.829688 0.048438 0.021875
0 0.602344 0.806250 0.045312 0.028125
0 0.596094 0.783594 0.039062 0.023438
0 0.590625 0.762500 0.031250 0.021875
0 0.577344 0.739062 0.032813 0.025000
0 0.571875 0.714063 0.037500 0.034375
0 0.557031 0.685937 0.045312 0.028125
0 0.550000 0.660156 0.034375 0.023438
0 0.542969 0.635156 0.035937 0.026562
0 0.534375 0.610938 0.040625 0.025000
0 0.527344 0.584375 0.048438 0.028125
0 0.521875 0.557813 0.043750 0.031250
0 0.511719 0.531250 0.051562 0.025000
0 0.501563 0.509375 0.043750 0.015625
0 0.492969 0.485156 0.048438 0.032813
0 0.483594 0.455469 0.039062 0.026562
0 0.477344 0.436719 0.042188 0.020313
0 0.469531 0.410938 0.035937 0.031250
0 0.701562 0.985938 0.040625 0.021875
0 0.692187 0.957812 0.043750 0.028125
0 0.683594 0.930469 0.042188 0.023438
0 0.675781 0.893750 0.045312 0.043750
0 0.657031 0.857812 0.032813 0.031250
0 0.648438 0.829688 0.034375 0.025000
0 0.646094 0.804688 0.039062 0.028125
0 0.635156 0.782031 0.035937 0.023438
0 0.628906 0.757812 0.042188 0.028125
0 0.619531 0.732031 0.045312 0.026562
0 0.610938 0.703125 0.040625 0.028125
0 0.596875 0.676562 0.034375 0.025000
0 0.589063 0.650000 0.040625 0.031250
0 0.582812 0.621875 0.043750 0.025000
0 0.575000 0.597656 0.040625 0.026562
0 0.568750 0.573438 0.034375 0.025000
0 0.561719 0.549219 0.032813 0.029687
0 0.546875 0.523438 0.037500 0.025000
0 0.541406 0.500781 0.035937 0.026562
0 0.532813 0.478906 0.037500 0.023438
0 0.521875 0.453125 0.037500 0.031250
0 0.514062 0.425781 0.046875 0.032813
0 0.506250 0.403125 0.040625 0.018750
0 0.743750 0.985156 0.037500 0.026562
0 0.742188 0.958594 0.040625 0.020313
0 0.731250 0.936719 0.040625 0.026562
0 0.726562 0.913281 0.043750 0.023438
0 0.719531 0.891406 0.039062 0.020313
0 0.708594 0.869531 0.042188 0.023438
0 0.695312 0.842969 0.043750 0.029687
0 0.689063 0.814844 0.043750 0.029687
0 0.678906 0.786719 0.042188 0.023438
0 0.673438 0.764062 0.034375 0.018750
0 0.659375 0.741406 0.031250 0.026562
0 0.650781 0.714063 0.035937 0.031250
0 0.641406 0.686719 0.039062 0.029687
0 0.633594 0.657813 0.045312 0.031250
0 0.626563 0.628125 0.037500 0.031250
0 0.617188 0.596094 0.037500 0.029687
0 0.606250 0.569531 0.031250 0.023438
0 0.592969 0.540625 0.039062 0.031250
0 0.579688 0.514062 0.037500 0.025000
0 0.574219 0.488281 0.032813 0.023438
0 0.559375 0.460938 0.043750 0.031250
0 0.543750 0.402344 0.037500 0.023438
0 0.553125 0.427344 0.037500 0.029687
0 0.780469 0.978906 0.035937 0.035937
0 0.767188 0.928906 0.031250 0.020313
0 0.772656 0.950781 0.026562 0.017188
0 0.753125 0.885938 0.034375 0.028125
0 0.745313 0.857031 0.034375 0.026562
0 0.722656 0.811719 0.029687 0.029687
0 0.732812 0.835938 0.031250 0.015625
0 0.714063 0.786719 0.034375 0.023438
0 0.707031 0.764062 0.029687 0.021875
0 0.696875 0.740625 0.040625 0.028125
0 0.679688 0.686719 0.037500 0.029687
0 0.687500 0.714844 0.037500 0.023438
0 0.672656 0.657813 0.026562 0.028125
0 0.656250 0.607031 0.034375 0.020313
0 0.646875 0.586719 0.025000 0.017188
0 0.665625 0.632031 0.028125 0.026562
0 0.631250 0.543750 0.031250 0.025000
0 0.636719 0.566406 0.032813 0.020313
0 0.619531 0.514062 0.035937 0.028125
0 0.627344 0.521875 0.020313 0.012500
0 0.604688 0.463281 0.028125 0.026562
0 0.820312 0.980469 0.043750 0.032813
0 0.810156 0.953125 0.039062 0.021875
0 0.807031 0.930469 0.042188 0.023438
0 0.794531 0.924219 0.017188 0.010937
0 0.799219 0.902344 0.039062 0.032813
0 0.778125 0.854688 0.037500 0.018750
0 0.788281 0.874219 0.029687 0.023438
0 0.767969 0.834375 0.035937 0.021875
0 0.749219 0.778125 0.032813 0.025000
0 0.740625 0.749219 0.037500 0.032813
0 0.731250 0.717969 0.040625 0.026562
0 0.760938 0.807813 0.040625 0.028125
0 0.721094 0.687500 0.035937 0.031250
0 0.712500 0.660156 0.037500 0.026562
0 0.703125 0.635938 0.031250 0.021875
0 0.707031 0.642188 0.014063 0.012500
0 0.678125 0.582812 0.031250 0.021875
0 0.692187 0.609375 0.031250 0.028125
0 0.673438 0.558594 0.037500 0.026562
0 0.660156 0.510156 0.039062 0.023438
0 0.666406 0.534375 0.039062 0.021875
0 0.610938 0.486719 0.031250 0.020313
0 0.648438 0.484375 0.046875 0.025000
0 0.642188 0.460156 0.046875 0.023438
0 0.637500 0.435156 0.037500 0.020313
0 0.594531 0.432812 0.035937 0.028125
0 0.586719 0.405469 0.032813 0.020313
0 0.628125 0.410156 0.037500 0.026562
0 0.857031 0.982031 0.026562 0.029687
0 0.847656 0.956250 0.029687 0.018750
0 0.840625 0.932813 0.028125 0.028125
0 0.831250 0.901563 0.025000 0.031250
0 0.821094 0.871875 0.035937 0.028125
0 0.810156 0.845313 0.029687 0.025000
0 0.801562 0.822656 0.040625 0.020313
0 0.796875 0.800781 0.031250 0.026562
0 0.787500 0.781250 0.028125 0.015625
0 0.780469 0.757812 0.032813 0.031250
0 0.774219 0.730469 0.026562 0.023438
0 0.766406 0.706250 0.029687 0.025000
0 0.756250 0.683594 0.031250 0.023438
0 0.750000 0.660156 0.034375 0.023438
0 0.738281 0.635156 0.035937 0.026562
0 0.728906 0.606250 0.042188 0.031250
0 0.717969 0.578906 0.039062 0.020313
0 0.714063 0.560156 0.040625 0.020313
0 0.707031 0.537500 0.039062 0.025000
0 0.696875 0.514062 0.034375 0.021875
0 0.692187 0.492969 0.034375 0.023438
0 0.682813 0.466406 0.031250 0.026562
0 0.671875 0.439844 0.031250 0.026562
0 0.664062 0.413281 0.031250 0.032813
0 0.889844 0.982812 0.032813 0.028125
0 0.878906 0.952344 0.039062 0.026562
0 0.875781 0.920312 0.039062 0.031250
0 0.864844 0.893750 0.035937 0.018750
0 0.853906 0.869531 0.035937 0.029687
0 0.845313 0.839063 0.040625 0.028125
0 0.832031 0.810937 0.039062 0.031250
0 0.827344 0.783594 0.039062 0.026562
0 0.816406 0.759375 0.032813 0.025000
0 0.808594 0.735156 0.035937 0.029687
0 0.801562 0.707812 0.034375 0.028125
0 0.791406 0.679688 0.032813 0.025000
0 0.781250 0.653906 0.031250 0.026562
0 0.772656 0.619531 0.029687 0.042188
0 0.760938 0.583594 0.028125 0.026562
0 0.755469 0.557813 0.032813 0.031250
0 0.746094 0.532031 0.035937 0.023438
0 0.736719 0.504687 0.039062 0.028125
0 0.731250 0.478906 0.034375 0.023438
0 0.721094 0.458594 0.039062 0.023438
0 0.712500 0.432031 0.046875 0.032813
0 0.930469 0.982031 0.039062 0.029687
0 0.919531 0.957031 0.035937 0.023438
0 0.914062 0.930469 0.037500 0.035937
0 0.903906 0.895312 0.026562 0.031250
0 0.890625 0.864062 0.031250 0.025000
0 0.884375 0.832812 0.034375 0.025000
0 0.871094 0.804688 0.035937 0.028125
0 0.867969 0.778906 0.035937 0.029687
0 0.853906 0.750781 0.035937 0.029687
0 0.844531 0.724219 0.035937 0.029687
0 0.832031 0.692969 0.039062 0.032813
0 0.822656 0.664844 0.042188 0.026562
0 0.816406 0.637500 0.042188 0.031250
0 0.806250 0.603125 0.034375 0.034375
0 0.792969 0.569531 0.032813 0.035937
0 0.782031 0.539844 0.029687 0.020313
0 0.777344 0.521875 0.023438 0.021875
0 0.765625 0.498437 0.031250 0.028125
0 0.764062 0.471875 0.031250 0.028125
0 0.758594 0.446875 0.032813 0.021875
0 0.749219 0.419531 0.032813 0.032813
0 0.700781 0.407031 0.035937 0.020313
0 0.967187 0.979688 0.037500 0.031250
0 0.957031 0.942969 0.035937 0.042188
0 0.942969 0.902344 0.042188 0.035937
0 0.927344 0.869531 0.039062 0.032813
0 0.924219 0.837500 0.032813 0.028125
0 0.914062 0.811719 0.040625 0.026562
0 0.908594 0.787500 0.045312 0.025000
0 0.900000 0.761719 0.040625 0.026562
0 0.891406 0.736719 0.032813 0.029687
0 0.878125 0.707812 0.043750 0.031250
0 0.864062 0.675781 0.034375 0.029687
0 0.861719 0.648438 0.032813 0.025000
0 0.857812 0.626563 0.031250 0.025000
0 0.846094 0.607812 0.042188 0.025000
0 0.836719 0.578906 0.035937 0.026562
0 0.823438 0.552344 0.040625 0.020313
0 0.817187 0.527344 0.043750 0.035937
0 0.807031 0.495312 0.045312 0.031250
0 0.802344 0.464062 0.039062 0.031250
0 0.791406 0.438281 0.039062 0.023438
0 0.784375 0.417969 0.034375 0.023438
0 0.992969 0.957031 0.010937 0.029687
0 0.984375 0.898438 0.025000 0.037500
0 0.971094 0.864062 0.026562 0.034375
0 0.957812 0.828125 0.037500 0.034375
0 0.950000 0.797656 0.034375 0.029687
0 0.939063 0.770312 0.028125 0.028125
0 0.928125 0.745313 0.031250 0.028125
0 0.920312 0.720313 0.031250 0.021875
0 0.911719 0.699219 0.020313 0.020313
0 0.899219 0.667969 0.039062 0.045312
0 0.882031 0.624219 0.026562 0.035937
0 0.877344 0.599219 0.023438 0.020313
0 0.867969 0.569531 0.029687 0.035937
0 0.853906 0.530469 0.039062 0.039062
0 0.837500 0.477344 0.034375 0.042188
0 0.990625 0.853125 0.015625 0.050000
0 0.982812 0.812500 0.028125 0.028125
0 0.978125 0.781250 0.031250 0.028125
0 0.964844 0.750000 0.032813 0.031250
0 0.953125 0.717969 0.037500 0.026562
0 0.939844 0.689063 0.035937 0.028125
0 0.932031 0.660156 0.029687 0.026562
0 0.921875 0.630469 0.037500 0.029687
0 0.910937 0.596094 0.040625 0.032813
0 0.903125 0.564063 0.040625 0.028125
0 0.893750 0.536719 0.034375 0.029687
0 0.885938 0.507031 0.037500 0.029687
0 0.874219 0.479687 0.045312 0.025000
0 0.864844 0.450000 0.035937 0.034375
0 0.855469 0.421875 0.029687 0.025000
0 0.817969 0.411719 0.026562 0.035937
0 0.850000 0.396875 0.031250 0.025000
0 0.988281 0.743750 0.014063 0.040625
0 0.978906 0.694531 0.035937 0.048438
0 0.967187 0.653125 0.040625 0.028125
0 0.964063 0.627344 0.040625 0.029687
0 0.950781 0.596875 0.042188 0.034375
0 0.944531 0.565625 0.039062 0.031250
0 0.935156 0.540625 0.035937 0.028125
0 0.926562 0.513281 0.037500 0.029687
0 0.918750 0.484375 0.043750 0.031250
0 0.908594 0.457813 0.039062 0.025000
0 0.896094 0.428125 0.035937 0.031250
0 0.886719 0.400000 0.035937 0.021875
0 0.991406 0.632812 0.010937 0.043750
0 0.982031 0.585156 0.026562 0.039062
0 0.971875 0.544531 0.034375 0.029687
0 0.967187 0.511719 0.034375 0.032813
0 0.954688 0.481250 0.040625 0.028125
0 0.942187 0.450781 0.046875 0.035937
0 0.934375 0.417969 0.043750 0.026562
0 0.926562 0.397656 0.043750 0.017188
0 0.992188 0.531250 0.010000 0.040625
0 0.985938 0.488281 0.018750 0.042188
0 0.981250 0.446094 0.025000 0.035937
0 0.977344 0.413281 0.039062 0.023438
0 0.025000 0.394531 0.043750 0.020313
0 0.021875 0.373437 0.034375 0.028125
0 0.019531 0.345313 0.029687 0.034375
0 0.014844 0.318750 0.023438 0.021875
0 0.009375 0.291406 0.015625 0.039062
0 0.064844 0.389844 0.039062 0.029687
0 0.058594 0.361719 0.039062 0.029687
0 0.053125 0.336719 0.034375 0.026562
0 0.040625 0.307812 0.050000 0.034375
0 0.035937 0.275781 0.046875 0.032813
0 0.032031 0.249219 0.045312 0.026562
0 0.022656 0.221094 0.035937 0.032813
0 0.017188 0.194531 0.031250 0.026562
0 0.014063 0.171094 0.021875 0.023438
0 0.010156 0.150781 0.017188 0.023438
0 0.007031 0.125781 0.010937 0.029687
0 0.104688 0.389844 0.040625 0.029687
0 0.096875 0.359375 0.040625 0.028125
0 0.092969 0.332813 0.039062 0.025000
0 0.088281 0.306250 0.048438 0.028125
0 0.082812 0.275000 0.053125 0.034375
0 0.071875 0.248438 0.040625 0.021875
0 0.060937 0.225000 0.043750 0.031250
0 0.049219 0.195312 0.035937 0.025000
0 0.049219 0.169531 0.048438 0.029687
0 0.044531 0.142969 0.045312 0.032813
0 0.035937 0.119531 0.043750 0.020313
0 0.024219 0.092969 0.042188 0.029687
0 0.020313 0.067187 0.037500 0.028125
0 0.014063 0.039844 0.028125 0.029687
0 0.013281 0.014063 0.023438 0.025000
