0 0.015625 0.989062 0.021875 0.018750
0 0.011719 0.960156 0.020313 0.035937
0 0.045312 0.990625 0.034375 0.015625
0 0.026562 0.935937 0.037500 0.028125
0 0.021875 0.902344 0.040625 0.042188
0 0.020313 0.881250 0.010000 0.010000
0 0.080469 0.978906 0.035937 0.035937
0 0.067969 0.944531 0.032813 0.029687
0 0.060937 0.914062 0.031250 0.031250
0 0.053906 0.884375 0.039062 0.028125
0 0.013281 0.860156 0.023438 0.045312
0 0.045312 0.857812 0.034375 0.028125
0 0.027344 0.823438 0.051562 0.034375
0 0.021875 0.794531 0.040625 0.035937
0 0.014063 0.768750 0.025000 0.031250
0 0.010156 0.744531 0.017188 0.023438
0 0.120313 0.983594 0.050000 0.026562
0 0.107813 0.950000 0.043750 0.037500
0 0.097656 0.910156 0.048438 0.039062
0 0.085938 0.880469 0.043750 0.026562
0 0.082031 0.852344 0.035937 0.032813
0 0.062500 0.792969 0.043750 0.032813
0 0.065625 0.821094 0.034375 0.029687
0 0.048438 0.759375 0.046875 0.034375
0 0.039062 0.724219 0.043750 0.035937
0 0.009375 0.713281 0.015625 0.014063
0 0.027344 0.688281 0.048438 0.035937
0 0.021875 0.648438 0.037500 0.040625
0 0.166406 0.981250 0.042188 0.028125
0 0.152344 0.949219 0.048438 0.035937
0 0.139063 0.910937 0.046875 0.037500
0 0.119531 0.876563 0.032813 0.031250
0 0.114844 0.846875 0.039062 0.028125
0 0.107031 0.814063 0.042188 0.034375
0 0.097656 0.782813 0.035937 0.028125
0 0.089844 0.755469 0.039062 0.029687
0 0.079687 0.730469 0.040625 0.026562
0 0.069531 0.703906 0.023438 0.026562
0 0.063281 0.679688 0.035937 0.028125
0 0.058594 0.653906 0.035937 0.029687
0 0.052344 0.625000 0.035937 0.031250
0 0.013281 0.612500 0.026562 0.031250
0 0.042969 0.596094 0.035937 0.023438
0 0.011719 0.585156 0.023438 0.026562
0 0.023438 0.571094 0.037500 0.026562
0 0.020313 0.541406 0.034375 0.029687
0 0.014844 0.511719 0.029687 0.032813
0 0.010156 0.482812 0.020313 0.025000
0 0.196875 0.981250 0.037500 0.031250
0 0.192969 0.957031 0.035937 0.020313
0 0.187500 0.935937 0.040625 0.025000
0 0.170313 0.890625 0.053125 0.021875
0 0.181250 0.914062 0.034375 0.021875
0 0.159375 0.865625 0.046875 0.028125
0 0.157812 0.842969 0.043750 0.023438
0 0.150000 0.817969 0.043750 0.026562
0 0.147656 0.794531 0.042188 0.026562
0 0.138281 0.769531 0.051562 0.029687
0 0.127344 0.741406 0.045312 0.029687
0 0.121094 0.714063 0.048438 0.028125
0 0.091406 0.702344 0.014063 0.023438
0 0.105469 0.685156 0.042188 0.026562
0 0.100000 0.659375 0.040625 0.028125
0 0.090625 0.633594 0.040625 0.026562
0 0.085156 0.608594 0.039062 0.026562
0 0.067969 0.554688 0.048438 0.028125
0 0.068750 0.579688 0.046875 0.028125
0 0.055469 0.525781 0.045312 0.029687
0 0.044531 0.496094 0.045312 0.032813
0 0.025781 0.465625 0.051562 0.028125
0 0.021094 0.436719 0.039062 0.029687
0 0.018750 0.403906 0.031250 0.035937
0 0.239844 0.984375 0.048438 0.025000
0 0.233594 0.957031 0.048438 0.026562
0 0.222656 0.931250 0.029687 0.018750
0 0.213281 0.906250 0.032813 0.028125
0 0.210156 0.882031 0.035937 0.032813
0 0.203125 0.853125 0.037500 0.031250
0 0.189062 0.828125 0.031250 0.021875
0 0.188281 0.807031 0.032813 0.026562
0 0.171094 0.756250 0.032813 0.028125
0 0.176563 0.779687 0.025000 0.018750
0 0.158594 0.731250 0.023438 0.025000
0 0.150781 0.707031 0.032813 0.026562
0 0.142969 0.685937 0.029687 0.021875
0 0.132812 0.660937 0.028125 0.028125
0 0.122656 0.635156 0.023438 0.026562
0 0.118750 0.614844 0.028125 0.017188
0 0.109375 0.592187 0.034375 0.034375
0 0.107031 0.557813 0.029687 0.034375
0 0.092188 0.527344 0.031250 0.029687
0 0.082031 0.500000 0.035937 0.031250
0 0.070312 0.469531 0.034375 0.032813
0 0.059375 0.439063 0.031250 0.031250
0 0.053125 0.417187 0.028125 0.018750
0 0.046094 0.398438 0.020313 0.021875
0 0.284375 0.988281 0.028125 0.020313
0 0.282031 0.964063 0.029687 0.021875
0 0.265625 0.942187 0.040625 0.025000
0 0.256250 0.916406 0.046875 0.029687
0 0.248438 0.889844 0.037500 0.026562
0 0.244531 0.863281 0.039062 0.029687
0 0.235156 0.838281 0.048438 0.026562
0 0.228125 0.813281 0.043750 0.023438
0 0.222656 0.791406 0.045312 0.026562
0 0.213281 0.764844 0.042188 0.029687
0 0.200000 0.737500 0.046875 0.028125
0 0.193750 0.710156 0.043750 0.029687
0 0.185156 0.683594 0.048438 0.026562
0 0.173437 0.657813 0.053125 0.028125
0 0.162500 0.632812 0.053125 0.028125
0 0.157812 0.606250 0.046875 0.025000
0 0.148438 0.578906 0.043750 0.029687
0 0.144531 0.556250 0.039062 0.021875
0 0.132812 0.533594 0.034375 0.029687
0 0.116406 0.484375 0.045312 0.025000
0 0.124219 0.509375 0.048438 0.021875
0 0.107813 0.457031 0.037500 0.020313
0 0.094531 0.437500 0.042188 0.021875
0 0.085156 0.392969 0.023438 0.020313
0 0.086719 0.414062 0.039062 0.021875
0 0.310937 0.985156 0.028125 0.026562
0 0.306250 0.963281 0.028125 0.020313
0 0.294531 0.942969 0.029687 0.023438
0 0.294531 0.918750 0.029687 0.031250
0 0.267188 0.875000 0.010000 0.010000
0 0.280469 0.865625 0.029687 0.025000
0 0.286719 0.891406 0.039062 0.026562
0 0.275781 0.839844 0.029687 0.026562
0 0.263281 0.785937 0.039062 0.031250
0 0.273438 0.814063 0.037500 0.021875
0 0.248438 0.757031 0.034375 0.023438
0 0.244531 0.733594 0.039062 0.023438
0 0.235937 0.710938 0.040625 0.028125
0 0.230469 0.684375 0.039062 0.025000
0 0.220312 0.658594 0.037500 0.026562
0 0.209375 0.630469 0.043750 0.026562
0 0.197656 0.602344 0.042188 0.029687
0 0.189844 0.575781 0.039062 0.023438
0 0.185156 0.553906 0.042188 0.026562
0 0.174219 0.531250 0.045312 0.021875
0 0.168750 0.510938 0.037500 0.025000
0 0.160938 0.485938 0.034375 0.028125
0 0.152344 0.462500 0.042188 0.028125
0 0.142969 0.435937 0.039062 0.028125
0 0.126562 0.411719 0.043750 0.026562
0 0.116406 0.389844 0.035937 0.020313
0 0.342187 0.988281 0.037500 0.017188
0 0.339062 0.969531 0.037500 0.026562
0 0.331250 0.944531 0.040625 0.026562
0 0.328125 0.917188 0.037500 0.025000
0 0.324219 0.896094 0.039062 0.026562
0 0.309375 0.870313 0.031250 0.028125
0 0.300781 0.843750 0.026562 0.025000
0 0.300781 0.825781 0.010937 0.010937
0 0.374219 0.986719 0.035937 0.020313
0 0.373437 0.966406 0.031250 0.023438
0 0.361719 0.944531 0.035937 0.023438
0 0.357812 0.917969 0.031250 0.026562
0 0.349219 0.893750 0.029687 0.025000
0 0.345313 0.869531 0.031250 0.026562
0 0.317188 0.820312 0.050000 0.025000
0 0.328906 0.844531 0.035937 0.023438
0 0.305469 0.792969 0.042188 0.032813
0 0.294531 0.760938 0.048438 0.031250
0 0.282031 0.734375 0.035937 0.025000
0 0.275781 0.708594 0.039062 0.032813
0 0.267188 0.678125 0.034375 0.028125
0 0.256250 0.656250 0.028125 0.021875
0 0.248438 0.631250 0.034375 0.031250
0 0.239063 0.599219 0.040625 0.032813
0 0.229687 0.569531 0.037500 0.032813
0 0.221094 0.541406 0.045312 0.029687
0 0.204687 0.511719 0.037500 0.032813
0 0.196094 0.482812 0.035937 0.028125
0 0.192969 0.459375 0.035937 0.025000
0 0.175781 0.439063 0.020313 0.021875
0 0.165625 0.409375 0.043750 0.028125
0 0.156250 0.385156 0.037500 0.026562
0 0.408594 0.986719 0.029687 0.020313
0 0.403125 0.966406 0.031250 0.020313
0 0.396875 0.947656 0.037500 0.023438
0 0.390625 0.923438 0.037500 0.028125
0 0.382031 0.895312 0.032813 0.031250
0 0.371094 0.870313 0.023438 0.021875
0 0.363281 0.846094 0.032813 0.026562
0 0.353906 0.819531 0.029687 0.026562
0 0.347656 0.793750 0.039062 0.031250
0 0.339844 0.764844 0.042188 0.029687
0 0.319531 0.714063 0.045312 0.028125
0 0.325781 0.740625 0.048438 0.025000
0 0.311719 0.687500 0.045312 0.025000
0 0.297656 0.666406 0.035937 0.020313
0 0.290625 0.645312 0.040625 0.025000
0 0.283594 0.625781 0.039062 0.020313
0 0.281250 0.605469 0.037500 0.026562
0 0.275000 0.583594 0.037500 0.023438
0 0.262500 0.559375 0.037500 0.028125
0 0.257031 0.535156 0.035937 0.026562
0 0.242188 0.512500 0.034375 0.025000
0 0.232813 0.490625 0.034375 0.025000
0 0.208594 0.439063 0.045312 0.018750
0 0.225000 0.465625 0.028125 0.028125
0 0.205469 0.413281 0.035937 0.029687
0 0.192969 0.383594 0.032813 0.026562
0 0.435937 0.985938 0.031250 0.021875
0 0.428906 0.965625 0.029687 0.021875
0 0.424219 0.945312 0.020313 0.021875
0 0.419531 0.923438 0.023438 0.028125
0 0.414062 0.899219 0.028125 0.023438
0 0.400781 0.875781 0.035937 0.029687
0 0.395313 0.843750 0.034375 0.031250
0 0.389062 0.815625 0.034375 0.025000
0 0.371094 0.760156 0.029687 0.032813
0 0.381250 0.791406 0.028125 0.023438
0 0.363281 0.734375 0.026562 0.018750
0 0.353906 0.713281 0.023438 0.026562
0 0.347656 0.687500 0.029687 0.031250
0 0.327344 0.657813 0.039062 0.031250
0 0.319531 0.611719 0.032813 0.026562
0 0.317188 0.634375 0.031250 0.015625
0 0.311719 0.586719 0.035937 0.023438
0 0.302344 0.562500 0.035937 0.028125
0 0.275781 0.507812 0.035937 0.025000
0 0.296094 0.534375 0.035937 0.028125
0 0.259375 0.482031 0.028125 0.026562
0 0.249219 0.457031 0.039062 0.029687
0 0.245312 0.430469 0.037500 0.029687
0 0.463281 0.986719 0.026562 0.023438
0 0.456250 0.964844 0.028125 0.023438
0 0.450781 0.942969 0.029687 0.020313
0 0.441406 0.898438 0.029687 0.031250
0 0.446875 0.924219 0.031250 0.023438
0 0.435156 0.866406 0.035937 0.032813
0 0.431250 0.835938 0.034375 0.028125
0 0.425000 0.810937 0.034375 0.025000
0 0.415625 0.786719 0.034375 0.026562
0 0.394531 0.732031 0.048438 0.029687
0 0.403906 0.761719 0.029687 0.026562
0 0.382031 0.706250 0.029687 0.021875
0 0.372656 0.686719 0.026562 0.023438
0 0.364063 0.666406 0.037500 0.023438
0 0.359375 0.646875 0.028125 0.021875
0 0.350000 0.625000 0.031250 0.025000
0 0.346094 0.604688 0.023438 0.021875
0 0.341406 0.584375 0.023438 0.028125
0 0.335156 0.560937 0.029687 0.025000
0 0.328125 0.534375 0.031250 0.031250
0 0.307812 0.504687 0.034375 0.031250
0 0.293750 0.478906 0.031250 0.026562
0 0.485938 0.981250 0.031250 0.031250
0 0.481250 0.953906 0.025000 0.023438
0 0.476562 0.929688 0.028125 0.028125
0 0.471875 0.902344 0.031250 0.026562
0 0.470313 0.875781 0.028125 0.032813
0 0.465625 0.848437 0.031250 0.028125
0 0.460938 0.819531 0.028125 0.026562
0 0.450781 0.792969 0.032813 0.029687
0 0.442969 0.767188 0.032813 0.025000
0 0.439844 0.746094 0.039062 0.026562
0 0.436719 0.721094 0.039062 0.026562
0 0.408594 0.707031 0.029687 0.017188
0 0.432031 0.698438 0.042188 0.025000
0 0.396094 0.687500 0.026562 0.021875
0 0.422656 0.676562 0.029687 0.021875
0 0.394531 0.666406 0.026562 0.026562
0 0.423438 0.655469 0.028125 0.026562
0 0.388281 0.643750 0.032813 0.021875
0 0.415625 0.631250 0.028125 0.021875
0 0.378906 0.621094 0.032813 0.026562
0 0.410156 0.611719 0.023438 0.020313
0 0.371094 0.597656 0.026562 0.017188
0 0.396094 0.592969 0.026562 0.020313
0 0.366406 0.581250 0.026562 0.018750
0 0.389062 0.571094 0.021875 0.020313
0 0.360156 0.557031 0.023438 0.029687
0 0.358594 0.530469 0.026562 0.029687
0 0.339844 0.500781 0.032813 0.029687
0 0.323437 0.472656 0.028125 0.029687
0 0.285938 0.450000 0.028125 0.021875
0 0.315625 0.447656 0.025000 0.023438
0 0.288281 0.425781 0.045312 0.023438
0 0.239844 0.401562 0.039062 0.025000
0 0.280469 0.402344 0.035937 0.023438
0 0.515625 0.981250 0.028125 0.034375
0 0.514062 0.953125 0.034375 0.028125
0 0.510156 0.927344 0.029687 0.023438
0 0.507812 0.906250 0.031250 0.031250
0 0.500000 0.875781 0.031250 0.029687
0 0.496875 0.849219 0.037500 0.029687
0 0.493750 0.821875 0.031250 0.028125
0 0.486719 0.794531 0.039062 0.026562
0 0.483594 0.763281 0.039062 0.029687
0 0.542188 0.982812 0.018750 0.031250
0 0.571875 0.986719 0.040625 0.023438
0 0.559375 0.964063 0.043750 0.021875
0 0.550781 0.939844 0.045312 0.023438
0 0.547656 0.916406 0.045312 0.029687
0 0.542969 0.889844 0.039062 0.029687
0 0.533594 0.860156 0.026562 0.029687
0 0.521875 0.828906 0.028125 0.029687
0 0.478906 0.730469 0.039062 0.039062
0 0.466406 0.692187 0.032813 0.031250
0 0.449219 0.636719 0.035937 0.039062
0 0.456250 0.667188 0.037500 0.021875
0 0.437500 0.605469 0.037500 0.023438
0 0.424219 0.579688 0.045312 0.028125
0 0.417187 0.554688 0.050000 0.025000
0 0.383594 0.546094 0.017188 0.020313
0 0.414844 0.532031 0.045312 0.023438
0 0.381250 0.524219 0.018750 0.020313
0 0.407031 0.508594 0.048438 0.026562
0 0.367969 0.498437 0.020313 0.021875
0 0.398438 0.478906 0.050000 0.035937
0 0.609375 0.979688 0.043750 0.034375
0 0.582812 0.920312 0.034375 0.028125
0 0.589844 0.948438 0.032813 0.028125
0 0.576562 0.889062 0.031250 0.031250
0 0.561719 0.857031 0.045312 0.032813
0 0.555469 0.827344 0.045312 0.029687
0 0.544531 0.794531 0.048438 0.035937
0 0.531250 0.764844 0.050000 0.026562
0 0.519531 0.731250 0.057813 0.031250
0 0.513281 0.700781 0.051562 0.032813
0 0.499219 0.667969 0.045312 0.035937
0 0.487500 0.630469 0.043750 0.035937
0 0.475781 0.596094 0.045312 0.032813
0 0.467187 0.564844 0.040625 0.032813
0 0.457813 0.532031 0.040625 0.032813
0 0.446094 0.503125 0.035937 0.028125
0 0.646875 0.985938 0.028125 0.025000
0 0.642188 0.966406 0.025000 0.014063
0 0.628125 0.949219 0.043750 0.023438
0 0.625000 0.921094 0.040625 0.032813
0 0.615625 0.889844 0.046875 0.035937
0 0.605469 0.853906 0.039062 0.039062
0 0.599219 0.825781 0.039062 0.023438
0 0.589063 0.799219 0.034375 0.026562
0 0.578906 0.771875 0.035937 0.034375
0 0.571094 0.737500 0.039062 0.034375
0 0.556250 0.708594 0.034375 0.023438
0 0.539062 0.657031 0.040625 0.029687
0 0.529687 0.625781 0.043750 0.035937
0 0.543750 0.685156 0.037500 0.023438
0 0.518750 0.593750 0.046875 0.025000
0 0.511719 0.567969 0.045312 0.032813
0 0.496875 0.538281 0.037500 0.029687
0 0.484375 0.507031 0.040625 0.032813
0 0.438281 0.476562 0.039062 0.031250
0 0.473438 0.473438 0.037500 0.034375
0 0.676562 0.983594 0.040625 0.029687
0 0.670312 0.957031 0.037500 0.026562
0 0.665625 0.932031 0.034375 0.023438
0 0.657813 0.910156 0.025000 0.020313
0 0.646094 0.857031 0.035937 0.029687
0 0.656250 0.885156 0.028125 0.026562
0 0.637500 0.828906 0.034375 0.026562
0 0.628125 0.802344 0.037500 0.032813
0 0.610938 0.771875 0.040625 0.031250
0 0.610156 0.741406 0.035937 0.035937
0 0.595313 0.710156 0.050000 0.029687
0 0.582031 0.682813 0.032813 0.025000
0 0.571094 0.656250 0.035937 0.028125
0 0.565625 0.628906 0.034375 0.026562
0 0.554688 0.600781 0.021875 0.026562
0 0.556250 0.573438 0.034375 0.031250
0 0.578125 0.601562 0.015625 0.021875
0 0.530469 0.514844 0.045312 0.029687
0 0.529687 0.542969 0.028125 0.026562
0 0.524219 0.489844 0.048438 0.026562
0 0.510156 0.468750 0.035937 0.018750
0 0.722656 0.983594 0.051562 0.029687
0 0.712500 0.954688 0.050000 0.028125
0 0.707031 0.925781 0.057813 0.029687
0 0.695312 0.895312 0.043750 0.031250
0 0.687500 0.862500 0.050000 0.034375
0 0.676562 0.832812 0.043750 0.028125
0 0.669531 0.803125 0.039062 0.031250
0 0.652344 0.765625 0.042188 0.043750
0 0.650000 0.732031 0.043750 0.026562
0 0.639844 0.701562 0.048438 0.031250
0 0.626563 0.673438 0.053125 0.025000
0 0.617188 0.648438 0.050000 0.028125
0 0.611719 0.617188 0.048438 0.034375
0 0.604688 0.586719 0.046875 0.026562
0 0.594531 0.559375 0.051562 0.031250
0 0.575781 0.527344 0.057813 0.029687
0 0.557813 0.544531 0.025000 0.017188
0 0.552344 0.471094 0.051562 0.026562
0 0.570312 0.500000 0.037500 0.025000
0 0.773438 0.982812 0.046875 0.031250
0 0.760938 0.953906 0.040625 0.026562
0 0.759375 0.930469 0.040625 0.023438
0 0.742969 0.903125 0.045312 0.028125
0 0.737500 0.878125 0.043750 0.025000
0 0.718750 0.829688 0.046875 0.025000
0 0.732031 0.853906 0.039062 0.023438
0 0.712500 0.802344 0.040625 0.029687
0 0.697656 0.772656 0.042188 0.029687
0 0.692187 0.741406 0.040625 0.035937
0 0.684375 0.714063 0.034375 0.021875
0 0.677344 0.693750 0.032813 0.021875
0 0.667188 0.669531 0.037500 0.029687
0 0.659375 0.644531 0.034375 0.023438
0 0.653906 0.621094 0.035937 0.029687
0 0.639844 0.560156 0.035937 0.029687
0 0.643750 0.589844 0.031250 0.023438
0 0.814844 0.982812 0.032813 0.028125
0 0.804688 0.953906 0.046875 0.032813
0 0.796875 0.926562 0.034375 0.025000
0 0.782031 0.902344 0.042188 0.026562
0 0.775000 0.850781 0.043750 0.026562
0 0.777344 0.877344 0.032813 0.023438
0 0.761719 0.821875 0.045312 0.025000
0 0.750781 0.797656 0.039062 0.023438
0 0.741406 0.773438 0.048438 0.025000
0 0.733594 0.746875 0.048438 0.028125
0 0.724219 0.723437 0.042188 0.021875
0 0.716406 0.703125 0.042188 0.025000
0 0.705469 0.681250 0.042188 0.025000
0 0.698438 0.658594 0.034375 0.026562
0 0.693750 0.632812 0.043750 0.028125
0 0.685937 0.607031 0.034375 0.023438
0 0.672656 0.562500 0.032813 0.037500
0 0.677344 0.587500 0.023438 0.018750
0 0.848437 0.983594 0.037500 0.026562
0 0.844531 0.954688 0.029687 0.034375
0 0.830469 0.926562 0.039062 0.031250
0 0.823438 0.899219 0.037500 0.026562
0 0.816406 0.875000 0.039062 0.025000
0 0.813281 0.852344 0.029687 0.023438
0 0.800781 0.827344 0.032813 0.023438
0 0.792188 0.801562 0.040625 0.031250
0 0.782031 0.771875 0.042188 0.028125
0 0.772656 0.743750 0.035937 0.028125
0 0.764062 0.721094 0.040625 0.023438
0 0.755469 0.700000 0.045312 0.028125
0 0.743750 0.675781 0.043750 0.020313
0 0.739062 0.653125 0.037500 0.031250
0 0.732031 0.629687 0.035937 0.025000
0 0.715625 0.583594 0.046875 0.026562
0 0.721875 0.607812 0.037500 0.018750
0 0.706250 0.557031 0.031250 0.026562
0 0.889062 0.983594 0.040625 0.026562
0 0.882031 0.956250 0.048438 0.028125
0 0.873437 0.927344 0.043750 0.026562
0 0.861719 0.902344 0.039062 0.026562
0 0.859375 0.878906 0.043750 0.026562
0 0.854688 0.852344 0.046875 0.029687
0 0.836719 0.821094 0.039062 0.026562
0 0.834375 0.795312 0.040625 0.028125
0 0.810937 0.739062 0.031250 0.028125
0 0.822656 0.767969 0.039062 0.029687
0 0.799219 0.707031 0.032813 0.032813
0 0.789844 0.674219 0.039062 0.035937
0 0.778906 0.645312 0.042188 0.025000
0 0.770312 0.622656 0.043750 0.023438
0 0.760938 0.598437 0.037500 0.028125
0 0.755469 0.576562 0.035937 0.021875
0 0.744531 0.554688 0.035937 0.021875
0 0.931250 0.983594 0.046875 0.026562
0 0.929688 0.956250 0.040625 0.028125
0 0.917188 0.928906 0.040625 0.029687
0 0.908594 0.900000 0.045312 0.028125
0 0.902344 0.873437 0.042188 0.028125
0 0.901563 0.846094 0.040625 0.026562
0 0.877344 0.817187 0.039062 0.025000
0 0.869531 0.791406 0.032813 0.026562
0 0.862500 0.764844 0.043750 0.026562
0 0.849219 0.737500 0.048438 0.031250
0 0.840625 0.708594 0.050000 0.032813
0 0.832812 0.678906 0.040625 0.029687
0 0.823438 0.646875 0.053125 0.034375
0 0.810937 0.617969 0.046875 0.026562
0 0.803906 0.594531 0.048438 0.023438
0 0.793750 0.572656 0.043750 0.023438
0 0.787500 0.552344 0.053125 0.029687
0 0.973437 0.984375 0.034375 0.025000
0 0.960938 0.960938 0.031250 0.025000
0 0.959375 0.933594 0.031250 0.032813
0 0.952344 0.901563 0.042188 0.025000
0 0.950000 0.877344 0.040625 0.026562
0 0.945312 0.851562 0.043750 0.028125
0 0.933594 0.826562 0.029687 0.021875
0 0.910156 0.819531 0.026562 0.023438
0 0.907813 0.790625 0.040625 0.031250
0 0.892188 0.733594 0.046875 0.029687
0 0.900781 0.763281 0.039062 0.026562
0 0.883594 0.705469 0.035937 0.029687
0 0.875000 0.678125 0.040625 0.028125
0 0.868750 0.651563 0.040625 0.031250
0 0.854688 0.622656 0.037500 0.029687
0 0.842187 0.591406 0.034375 0.032813
0 0.834375 0.559375 0.040625 0.034375
0 0.986719 0.950781 0.020313 0.035937
0 0.984375 0.914062 0.025000 0.034375
0 0.983594 0.879687 0.026562 0.031250
0 0.981250 0.847656 0.031250 0.023438
0 0.953125 0.818750 0.046875 0.031250
0 0.948438 0.786719 0.040625 0.032813
0 0.945312 0.759375 0.043750 0.031250
0 0.935156 0.728125 0.035937 0.025000
0 0.922656 0.700000 0.042188 0.028125
0 0.904687 0.646875 0.040625 0.025000
0 0.912500 0.673438 0.037500 0.025000
0 0.889844 0.591406 0.051562 0.032813
0 0.898438 0.621094 0.040625 0.026562
0 0.878125 0.558594 0.046875 0.032813
0 0.987500 0.818750 0.018750 0.028125
0 0.982812 0.784375 0.028125 0.031250
0 0.982031 0.751563 0.032813 0.028125
0 0.973437 0.719531 0.043750 0.029687
0 0.962500 0.688281 0.046875 0.029687
0 0.953125 0.657031 0.043750 0.029687
0 0.942969 0.625000 0.039062 0.034375
0 0.935937 0.592187 0.040625 0.031250
0 0.925000 0.560156 0.040625 0.032813
0 0.991406 0.685156 0.014063 0.032813
0 0.985156 0.653906 0.023438 0.026562
0 0.978906 0.620313 0.032813 0.031250
0 0.975781 0.587500 0.039062 0.028125
0 0.971094 0.557031 0.048438 0.026562
0 0.008594 0.368750 0.017188 0.031250
0 0.008594 0.338281 0.010937 0.035937
0 0.034375 0.367188 0.034375 0.034375
0 0.028125 0.335938 0.025000 0.028125
0 0.014844 0.309375 0.029687 0.025000
0 0.010937 0.270313 0.021875 0.028125
0 0.010156 0.243750 0.017188 0.034375
0 0.075000 0.364844 0.040625 0.029687
0 0.071875 0.332031 0.037500 0.032813
0 0.055469 0.303906 0.035937 0.023438
0 0.040625 0.246094 0.040625 0.032813
0 0.046094 0.278125 0.045312 0.025000
0 0.032031 0.215625 0.045312 0.028125
0 0.008594 0.220312 0.017188 0.018750
0 0.025781 0.187500 0.045312 0.028125
0 0.017969 0.161719 0.035937 0.026562
0 0.014844 0.133594 0.026562 0.029687
0 0.011719 0.108594 0.020313 0.020313
0 0.010937 0.087500 0.010000 0.010000
0 0.009375 0.088281 0.015625 0.020313
0 0.115625 0.364844 0.034375 0.029687
0 0.110937 0.335156 0.043750 0.032813
0 0.096875 0.306250 0.050000 0.028125
0 0.092969 0.279687 0.045312 0.028125
0 0.083594 0.250000 0.045312 0.031250
0 0.079687 0.223438 0.040625 0.025000
0 0.070312 0.195312 0.043750 0.031250
0 0.060937 0.166406 0.053125 0.029687
0 0.056250 0.139063 0.046875 0.028125
0 0.044531 0.110156 0.048438 0.032813
0 0.039062 0.081250 0.043750 0.025000
0 0.028906 0.057813 0.045312 0.025000
0 0.021875 0.024219 0.034375 0.042188
0 0.155469 0.361719 0.042188 0.023438
0 0.152344 0.338281 0.032813 0.026562
0 0.143750 0.313281 0.043750 0.029687
0 0.135937 0.285156 0.037500 0.026562
0 0.129688 0.258594 0.043750 0.029687
0 0.120313 0.230469 0.034375 0.026562
0 0.114062 0.205469 0.037500 0.026562
0 0.107813 0.178906 0.031250 0.029687
0 0.099219 0.148438 0.029687 0.034375
0 0.087500 0.117969 0.028125 0.029687
0 0.079687 0.089844 0.037500 0.029687
0 0.074219 0.064062 0.039062 0.025000
0 0.071094 0.042969 0.039062 0.023438
0 0.059375 0.017188 0.031250 0.028125
0 0.191406 0.359375 0.039062 0.025000
0 0.188281 0.336719 0.039062 0.023438
0 0.182812 0.314844 0.037500 0.023438
0 0.175781 0.290625 0.035937 0.025000
0 0.172656 0.264844 0.032813 0.026562
0 0.163281 0.238281 0.042188 0.026562
0 0.158594 0.214844 0.042188 0.023438
0 0.150781 0.192188 0.048438 0.025000
0 0.145313 0.166406 0.050000 0.029687
0 0.138281 0.142969 0.045312 0.020313
0 0.124219 0.116406 0.045312 0.029687
0 0.121094 0.087500 0.042188 0.028125
0 0.113281 0.058594 0.039062 0.032813
0 0.100781 0.034375 0.032813 0.018750
0 0.095312 0.014063 0.037500 0.025000
0 0.235156 0.376563 0.045312 0.025000
0 0.228125 0.349219 0.037500 0.032813
0 0.219531 0.321094 0.039062 0.026562
0 0.218750 0.294531 0.040625 0.032813
0 0.211719 0.264062 0.048438 0.031250
0 0.206250 0.235937 0.043750 0.025000
0 0.202344 0.210938 0.051562 0.028125
0 0.199219 0.185156 0.054688 0.023438
0 0.193750 0.157812 0.050000 0.034375
0 0.171875 0.122656 0.043750 0.035937
0 0.160938 0.090625 0.040625 0.028125
0 0.153125 0.063281 0.037500 0.029687
0 0.142187 0.039844 0.043750 0.023438
0 0.139063 0.015625 0.046875 0.028125
0 0.211719 0.131250 0.032813 0.025000
0 0.206250 0.111719 0.034375 0.020313
0 0.200000 0.090625 0.034375 0.028125
0 0.192188 0.064844 0.034375 0.023438
0 0.187500 0.042969 0.043750 0.026562
0 0.183594 0.017969 0.039062 0.029687
0 0.271094 0.378906 0.035937 0.020313
0 0.266406 0.357812 0.029687 0.025000
0 0.264844 0.335156 0.035937 0.023438
0 0.258594 0.312500 0.042188 0.021875
0 0.254688 0.287500 0.031250 0.028125
0 0.248438 0.264844 0.031250 0.023438
0 0.233594 0.214844 0.042188 0.026562
0 0.242969 0.242188 0.039062 0.025000
0 0.225781 0.185938 0.035937 0.025000
0 0.221094 0.159375 0.032813 0.028125
0 0.354687 0.469531 0.037500 0.023438
0 0.348438 0.445312 0.043750 0.021875
0 0.336719 0.421875 0.045312 0.021875
0 0.323437 0.400000 0.050000 0.021875
0 0.314063 0.375000 0.046875 0.028125
0 0.309375 0.350000 0.050000 0.028125
0 0.304688 0.321875 0.046875 0.031250
0 0.301563 0.295312 0.046875 0.025000
0 0.296875 0.272656 0.050000 0.023438
0 0.290625 0.247656 0.050000 0.026562
0 0.279687 0.224219 0.046875 0.026562
0 0.271875 0.200781 0.050000 0.023438
0 0.261719 0.177344 0.035937 0.026562
0 0.256250 0.156250 0.037500 0.018750
0 0.248438 0.133594 0.043750 0.029687
0 0.241406 0.106250 0.042188 0.028125
0 0.235937 0.082812 0.040625 0.025000
0 0.232031 0.063281 0.039062 0.026562
0 0.226562 0.039844 0.040625 0.023438
0 0.220312 0.014844 0.040625 0.026562
0 0.383594 0.443750 0.035937 0.034375
0 0.357031 0.378125 0.035937 0.028125
0 0.370312 0.409375 0.037500 0.034375
0 0.352344 0.350781 0.032813 0.026562
0 0.343750 0.325781 0.028125 0.026562
0 0.341406 0.298438 0.023438 0.031250
0 0.335938 0.271094 0.028125 0.026562
0 0.330469 0.246094 0.032813 0.023438
0 0.321875 0.221094 0.037500 0.023438
0 0.313281 0.199219 0.039062 0.020313
0 0.302344 0.177344 0.042188 0.026562
0 0.296094 0.152344 0.035937 0.026562
0 0.285938 0.124219 0.037500 0.029687
0 0.273438 0.070312 0.034375 0.028125
0 0.278906 0.097656 0.035937 0.023438
0 0.264844 0.042969 0.039062 0.026562
0 0.263281 0.016406 0.032813 0.029687
0 0.423438 0.447656 0.043750 0.029687
0 0.407031 0.395313 0.045312 0.025000
0 0.413281 0.421094 0.039062 0.026562
0 0.392969 0.371875 0.042188 0.021875
0 0.385156 0.346875 0.035937 0.028125
0 0.371094 0.314063 0.026562 0.021875
0 0.377344 0.318750 0.035937 0.031250
0 0.367969 0.257812 0.035937 0.037500
0 0.371094 0.290625 0.029687 0.025000
0 0.360156 0.227344 0.035937 0.026562
0 0.351562 0.202344 0.031250 0.026562
0 0.340625 0.178125 0.034375 0.025000
0 0.332031 0.151562 0.039062 0.031250
0 0.325000 0.123438 0.037500 0.028125
0 0.316406 0.099219 0.042188 0.026562
0 0.309375 0.073438 0.037500 0.031250
0 0.303906 0.044531 0.039062 0.029687
0 0.464062 0.444531 0.037500 0.023438
0 0.456250 0.421875 0.040625 0.025000
0 0.447656 0.396875 0.039062 0.028125
0 0.435156 0.371875 0.045312 0.021875
0 0.424219 0.347656 0.039062 0.023438
0 0.407813 0.290625 0.040625 0.025000
0 0.417969 0.321875 0.042188 0.031250
0 0.406250 0.264844 0.037500 0.029687
0 0.397656 0.241406 0.029687 0.026562
0 0.391406 0.217969 0.032813 0.026562
0 0.381250 0.196875 0.037500 0.021875
0 0.376563 0.176563 0.037500 0.025000
0 0.369531 0.150781 0.042188 0.026562
0 0.363281 0.125000 0.035937 0.025000
0 0.357031 0.100000 0.032813 0.028125
0 0.346875 0.074219 0.037500 0.023438
0 0.340625 0.047656 0.031250 0.029687
0 0.300000 0.017188 0.034375 0.028125
0 0.333594 0.017969 0.035937 0.029687
0 0.506250 0.443750 0.043750 0.028125
0 0.492969 0.417187 0.045312 0.028125
0 0.482031 0.390625 0.032813 0.021875
0 0.475000 0.363281 0.043750 0.032813
0 0.467969 0.335156 0.048438 0.023438
0 0.460938 0.309375 0.050000 0.028125
0 0.450000 0.278125 0.050000 0.028125
0 0.442188 0.256250 0.034375 0.018750
0 0.430469 0.237500 0.032813 0.018750
0 0.423438 0.216406 0.031250 0.026562
0 0.417187 0.194531 0.034375 0.023438
0 0.415625 0.175000 0.034375 0.021875
0 0.408594 0.153125 0.035937 0.025000
0 0.402344 0.125781 0.045312 0.029687
0 0.393750 0.098437 0.043750 0.025000
0 0.388281 0.075781 0.042188 0.020313
0 0.382812 0.053906 0.053125 0.029687
0 0.375000 0.031250 0.040625 0.015625
0 0.371094 0.013281 0.039062 0.023438
0 0.546875 0.446094 0.040625 0.023438
0 0.537500 0.417969 0.050000 0.032813
0 0.520312 0.389062 0.050000 0.025000
0 0.518750 0.363281 0.040625 0.026562
0 0.516406 0.337500 0.042188 0.031250
0 0.506250 0.314063 0.031250 0.021875
0 0.489844 0.282031 0.032813 0.032813
0 0.475000 0.252344 0.050000 0.026562
0 0.466406 0.203906 0.051562 0.023438
0 0.469531 0.228906 0.054688 0.023438
0 0.461719 0.178906 0.054688 0.029687
0 0.454688 0.150781 0.053125 0.029687
0 0.446094 0.123438 0.048438 0.028125
0 0.439063 0.096875 0.046875 0.028125
0 0.432031 0.072656 0.045312 0.026562
0 0.430469 0.050781 0.039062 0.023438
0 0.410156 0.021094 0.035937 0.035937
0 0.620313 0.528906 0.034375 0.032813
0 0.606250 0.498437 0.043750 0.031250
0 0.598437 0.471875 0.040625 0.025000
0 0.588281 0.442969 0.045312 0.032813
0 0.582812 0.415625 0.037500 0.025000
0 0.569531 0.390625 0.048438 0.028125
0 0.558594 0.365625 0.039062 0.025000
0 0.554688 0.337500 0.043750 0.031250
0 0.542969 0.310156 0.057813 0.023438
0 0.541406 0.286719 0.057813 0.026562
0 0.533594 0.263281 0.048438 0.023438
0 0.529687 0.243750 0.040625 0.018750
0 0.524219 0.222656 0.042188 0.023438
0 0.517188 0.195312 0.046875 0.028125
0 0.509375 0.168750 0.046875 0.028125
0 0.500781 0.143750 0.042188 0.021875
0 0.482031 0.092969 0.042188 0.023438
0 0.488281 0.118750 0.048438 0.028125
0 0.475781 0.067969 0.039062 0.023438
0 0.470313 0.046875 0.043750 0.018750
0 0.451562 0.026562 0.046875 0.018750
0 0.452344 0.010937 0.042188 0.018750
0 0.657031 0.528906 0.042188 0.023438
0 0.648438 0.505469 0.037500 0.026562
0 0.638281 0.478906 0.035937 0.026562
0 0.621875 0.435937 0.028125 0.025000
0 0.632031 0.458594 0.035937 0.017188
0 0.613281 0.412500 0.029687 0.021875
0 0.612500 0.390625 0.034375 0.028125
0 0.600781 0.365625 0.039062 0.025000
0 0.596094 0.342187 0.032813 0.021875
0 0.589063 0.315625 0.034375 0.034375
0 0.584375 0.282813 0.031250 0.021875
0 0.574219 0.259375 0.035937 0.031250
0 0.566406 0.232813 0.032813 0.025000
0 0.562500 0.205469 0.040625 0.035937
0 0.550000 0.174219 0.028125 0.029687
0 0.540625 0.145313 0.037500 0.031250
0 0.529687 0.117188 0.040625 0.028125
0 0.515625 0.066406 0.040625 0.026562
0 0.519531 0.091406 0.032813 0.023438
0 0.498437 0.025781 0.034375 0.014063
0 0.494531 0.010156 0.035937 0.017188
0 0.510938 0.043750 0.037500 0.018750
0 0.696094 0.529687 0.045312 0.025000
0 0.687500 0.504687 0.040625 0.025000
0 0.675781 0.482031 0.032813 0.023438
0 0.671094 0.460938 0.039062 0.021875
0 0.662500 0.436719 0.046875 0.026562
0 0.648438 0.382812 0.040625 0.031250
0 0.657031 0.411719 0.045312 0.023438
0 0.639844 0.354687 0.045312 0.025000
0 0.633594 0.327344 0.048438 0.029687
0 0.626563 0.299219 0.053125 0.032813
0 0.617188 0.271094 0.040625 0.023438
0 0.611719 0.249219 0.039062 0.023438
0 0.602344 0.221094 0.039062 0.032813
0 0.596875 0.197656 0.031250 0.017188
0 0.582031 0.175781 0.039062 0.026562
0 0.571875 0.132031 0.034375 0.020313
0 0.579688 0.152344 0.040625 0.020313
0 0.565625 0.109375 0.040625 0.025000
0 0.561719 0.086719 0.048438 0.023438
0 0.560156 0.064844 0.042188 0.023438
0 0.548438 0.046094 0.043750 0.020313
0 0.539062 0.030469 0.046875 0.014063
0 0.537500 0.013281 0.043750 0.017188
0 0.741406 0.530469 0.042188 0.023438
0 0.729688 0.507031 0.043750 0.023438
0 0.715625 0.483594 0.046875 0.026562
0 0.712500 0.460938 0.037500 0.021875
0 0.704688 0.438281 0.040625 0.026562
0 0.697656 0.414062 0.035937 0.025000
0 0.689844 0.389844 0.035937 0.023438
0 0.683594 0.367188 0.039062 0.028125
0 0.675781 0.339844 0.035937 0.026562
0 0.667188 0.298438 0.025000 0.031250
0 0.648438 0.242969 0.034375 0.026562
0 0.657031 0.271875 0.032813 0.025000
0 0.641406 0.217969 0.035937 0.020313
0 0.633594 0.196875 0.039062 0.018750
0 0.625000 0.175000 0.040625 0.025000
0 0.620313 0.153125 0.040625 0.021875
0 0.614062 0.129688 0.043750 0.025000
0 0.609375 0.107813 0.040625 0.021875
0 0.604688 0.085156 0.040625 0.026562
0 0.584375 0.041406 0.028125 0.023438
0 0.575781 0.016406 0.035937 0.029687
0 0.779687 0.526563 0.037500 0.021875
0 0.771875 0.505469 0.043750 0.023438
0 0.767188 0.482812 0.050000 0.025000
0 0.754687 0.456250 0.050000 0.028125
0 0.748437 0.435156 0.046875 0.020313
0 0.738281 0.411719 0.048438 0.023438
0 0.730469 0.389062 0.042188 0.025000
0 0.719531 0.363281 0.042188 0.026562
0 0.713281 0.338281 0.035937 0.020313
0 0.695312 0.291406 0.037500 0.023438
0 0.703125 0.317969 0.043750 0.023438
0 0.689063 0.268750 0.037500 0.025000
0 0.685937 0.243750 0.043750 0.034375
0 0.680469 0.213281 0.045312 0.026562
0 0.672656 0.189062 0.045312 0.021875
0 0.665625 0.163281 0.046875 0.026562
0 0.659375 0.139063 0.037500 0.021875
0 0.648438 0.113281 0.034375 0.029687
0 0.639844 0.085156 0.032813 0.026562
0 0.635938 0.064062 0.025000 0.018750
0 0.607031 0.057813 0.023438 0.021875
0 0.608594 0.038281 0.029687 0.020313
0 0.604688 0.017188 0.025000 0.025000
0 0.635938 0.049219 0.025000 0.020313
0 0.635938 0.034375 0.021875 0.015625
0 0.828906 0.529687 0.048438 0.025000
0 0.815625 0.506250 0.040625 0.025000
0 0.809375 0.482031 0.034375 0.020313
0 0.801562 0.462500 0.037500 0.021875
0 0.792188 0.442188 0.034375 0.025000
0 0.772656 0.395313 0.045312 0.031250
0 0.782813 0.420312 0.037500 0.021875
0 0.759375 0.365625 0.037500 0.028125
0 0.753906 0.340625 0.029687 0.025000
0 0.745313 0.313281 0.040625 0.026562
0 0.739844 0.287500 0.042188 0.025000
0 0.731250 0.261719 0.037500 0.029687
0 0.725781 0.234375 0.035937 0.021875
0 0.722656 0.213281 0.042188 0.029687
0 0.717187 0.187500 0.043750 0.025000
0 0.710156 0.162500 0.039062 0.025000
0 0.701562 0.137500 0.046875 0.021875
0 0.681250 0.085156 0.056250 0.032813
0 0.690625 0.114062 0.046875 0.025000
0 0.674219 0.055469 0.048438 0.026562
0 0.632812 0.016406 0.025000 0.026562
0 0.671094 0.034375 0.045312 0.018750
0 0.664062 0.014844 0.034375 0.023438
0 0.876563 0.529687 0.037500 0.025000
0 0.861719 0.506250 0.048438 0.021875
0 0.840625 0.457031 0.040625 0.026562
0 0.848437 0.482812 0.043750 0.025000
0 0.828125 0.429688 0.043750 0.028125
0 0.820312 0.400000 0.043750 0.034375
0 0.803906 0.367969 0.048438 0.032813
0 0.796094 0.333594 0.048438 0.035937
0 0.792188 0.297656 0.043750 0.035937
0 0.778125 0.262500 0.046875 0.031250
0 0.771094 0.230469 0.045312 0.035937
0 0.759375 0.196875 0.034375 0.034375
0 0.752344 0.163281 0.042188 0.035937
0 0.741406 0.129688 0.035937 0.031250
0 0.733594 0.095312 0.035937 0.040625
0 0.719531 0.059375 0.039062 0.031250
0 0.714063 0.034375 0.037500 0.025000
0 0.706250 0.015625 0.046875 0.028125
0 0.910937 0.532031 0.034375 0.023438
0 0.903125 0.505469 0.031250 0.029687
0 0.892969 0.478906 0.045312 0.026562
0 0.880469 0.453906 0.045312 0.023438
0 0.875781 0.429688 0.042188 0.025000
0 0.866406 0.401562 0.048438 0.034375
0 0.859375 0.369531 0.050000 0.026562
0 0.849219 0.336719 0.048438 0.039062
0 0.837500 0.303906 0.037500 0.023438
0 0.832031 0.286719 0.042188 0.014063
0 0.830469 0.263281 0.048438 0.029687
0 0.820312 0.232031 0.050000 0.035937
0 0.807031 0.200000 0.045312 0.028125
0 0.802344 0.173437 0.042188 0.028125
0 0.793750 0.150781 0.043750 0.017188
0 0.785156 0.129688 0.051562 0.025000
0 0.777344 0.103125 0.048438 0.028125
0 0.771875 0.081250 0.050000 0.018750
0 0.767969 0.059375 0.051562 0.025000
0 0.760156 0.035156 0.048438 0.023438
0 0.757812 0.015625 0.050000 0.025000
0 0.942969 0.525000 0.035937 0.031250
0 0.935937 0.496875 0.034375 0.025000
0 0.928125 0.471875 0.034375 0.025000
0 0.914844 0.414844 0.042188 0.023438
0 0.913281 0.443750 0.029687 0.031250
0 0.903906 0.390625 0.029687 0.028125
0 0.890625 0.339844 0.028125 0.023438
0 0.896094 0.365625 0.029687 0.028125
0 0.873437 0.286719 0.031250 0.026562
0 0.880469 0.312500 0.032813 0.025000
0 0.868750 0.257031 0.031250 0.029687
0 0.861719 0.228906 0.032813 0.032813
0 0.846094 0.198437 0.032813 0.034375
0 0.839844 0.167187 0.032813 0.021875
0 0.832812 0.143750 0.034375 0.031250
0 0.823438 0.114844 0.034375 0.032813
0 0.816406 0.080469 0.035937 0.029687
0 0.807813 0.054688 0.037500 0.025000
0 0.801562 0.032813 0.037500 0.018750
0 0.800000 0.014844 0.037500 0.023438
0 0.973437 0.526563 0.031250 0.034375
0 0.969531 0.492969 0.032813 0.035937
0 0.957031 0.462500 0.029687 0.021875
0 0.945312 0.439844 0.031250 0.023438
0 0.946875 0.414062 0.025000 0.028125
0 0.934375 0.387500 0.037500 0.028125
0 0.921094 0.339062 0.026562 0.025000
0 0.927344 0.363281 0.032813 0.023438
0 0.914062 0.315625 0.025000 0.025000
0 0.903125 0.292969 0.025000 0.020313
0 0.898438 0.271094 0.021875 0.023438
0 0.896094 0.250000 0.023438 0.021875
0 0.874219 0.189844 0.023438 0.029687
0 0.889062 0.225000 0.015625 0.028125
0 0.867188 0.166406 0.031250 0.020313
0 0.865625 0.142969 0.025000 0.029687
0 0.857031 0.112500 0.032813 0.028125
0 0.850000 0.083594 0.031250 0.029687
0 0.844531 0.057813 0.039062 0.028125
0 0.836719 0.032813 0.032813 0.021875
0 0.833594 0.011719 0.026562 0.023438
0 0.876563 0.018750 0.037500 0.031250
0 0.882812 0.046094 0.040625 0.029687
0 0.889062 0.075781 0.043750 0.023438
0 0.893750 0.099219 0.053125 0.023438
0 0.898438 0.127344 0.046875 0.032813
0 0.903125 0.153906 0.043750 0.023438
0 0.892969 0.173437 0.014063 0.018750
0 0.919531 0.175781 0.035937 0.020313
0 0.894531 0.192188 0.020313 0.031250
0 0.925781 0.198437 0.035937 0.015625
0 0.908594 0.220312 0.020313 0.025000
0 0.935156 0.221875 0.032813 0.025000
0 0.920312 0.250781 0.025000 0.026562
0 0.925781 0.277344 0.023438 0.023438
0 0.933594 0.303125 0.026562 0.025000
0 0.938281 0.325781 0.026562 0.020313
0 0.948438 0.346094 0.021875 0.026562
0 0.953125 0.364063 0.012500 0.012500
0 0.948438 0.246094 0.025000 0.020313
0 0.953125 0.270313 0.028125 0.028125
0 0.959375 0.300000 0.034375 0.025000
0 0.969531 0.325781 0.029687 0.023438
0 0.975781 0.350781 0.032813 0.023438
0 0.980469 0.375781 0.035937 0.026562
0 0.979688 0.405469 0.034375 0.023438
0 0.980469 0.431250 0.032813 0.025000
0 0.982031 0.460156 0.026562 0.026562
0 0.991406 0.501563 0.010937 0.056250
0 0.990625 0.334375 0.015625 0.037500
0 0.986719 0.296875 0.020313 0.031250
0 0.980469 0.265625 0.026562 0.028125
0 0.975000 0.235156 0.034375 0.029687
0 0.957031 0.177344 0.035937 0.032813
0 0.947656 0.146094 0.042188 0.023438
0 0.966406 0.207031 0.039062 0.023438
0 0.939844 0.121875 0.035937 0.025000
0 0.935156 0.092969 0.035937 0.032813
0 0.926562 0.066406 0.034375 0.026562
0 0.921875 0.042188 0.031250 0.021875
0 0.916406 0.017188 0.035937 0.031250
0 0.947656 0.015625 0.029687 0.028125
0 0.959375 0.043750 0.040625 0.028125
0 0.966406 0.072656 0.042188 0.023438
0 0.976562 0.100000 0.040625 0.025000
0 0.979688 0.130469 0.034375 0.026562
0 0.986719 0.156250 0.023438 0.018750
0 0.992188 0.215625 0.010000 0.034375
0 0.986719 0.181250 0.020313 0.025000
0 0.982812 0.011719 0.028125 0.020313
0 0.988281 0.039062 0.017188 0.025000
0 0.990625 0.070312 0.012500 0.021875
