0 0.992188 0.010937 0.012500 0.018750
0 0.971875 0.009375 0.025000 0.015625
0 0.981250 0.025781 0.018750 0.010937
0 0.992969 0.040625 0.010937 0.012500
0 0.939844 0.007031 0.023438 0.010937
0 0.944531 0.021875 0.017188 0.015625
0 0.955469 0.040625 0.029687 0.018750
0 0.962500 0.060937 0.028125 0.018750
0 0.974219 0.082812 0.020313 0.018750
0 0.987500 0.058594 0.018750 0.017188
0 0.792188 0.028906 -0.040625 -0.023438
0 0.816406 0.012500 -0.042188 -0.025000
0 0.828906 0.038281 0.035937 0.029687
0 0.836719 0.067187 0.035937 0.025000
0 0.844531 0.094531 0.035937 0.029687
0 0.842187 0.001563 0.000000 0.000000
0 0.862500 0.033594 0.031250 0.026562
0 0.872656 0.060937 0.032813 0.028125
0 0.858594 0.010156 -0.032813 -0.014063
0 0.900781 0.012500 -0.035937 -0.015625
0 0.910937 0.028906 0.034375 0.020313
0 0.917188 0.050000 0.031250 0.018750
0 0.921875 0.070312 0.034375 0.018750
0 0.935937 0.095312 0.040625 0.025000
0 0.944531 0.120313 0.039062 0.025000
0 0.952344 0.146094 0.032813 0.023438
0 0.965625 0.170313 0.031250 0.025000
0 0.979688 0.196094 0.034375 0.023438
0 0.933594 0.023438 0.010937 0.015625
0 0.935156 0.039062 0.007812 0.015625
0 0.942969 0.057031 0.017188 0.007812
0 0.964063 0.082031 0.034375 0.026562
0 0.974219 0.106250 0.029687 0.021875
0 0.982031 0.125000 0.029687 0.012500
0 0.985938 0.140625 0.021875 0.012500
0 0.989844 0.160156 0.014063 0.020313
0 0.991406 0.078906 0.014063 0.017188
0 0.993750 0.099219 0.009375 0.017188
0 0.885938 0.087500 0.043750 0.025000
0 0.892969 0.112500 0.045312 0.021875
0 0.899219 0.134375 0.035937 0.018750
0 0.907813 0.155469 0.050000 0.023438
0 0.944531 0.167187 0.023438 0.025000
0 0.912500 0.189062 0.040625 0.031250
0 0.914844 0.224219 0.039062 0.029687
0 0.918750 0.252344 0.037500 0.026562
0 0.928125 0.279687 0.037500 0.028125
0 0.932031 0.307031 0.032813 0.029687
0 0.939844 0.338281 0.039062 0.029687
0 0.953906 0.371875 0.032813 0.031250
0 0.960938 0.407031 0.037500 0.032813
0 0.948438 0.192188 0.021875 0.018750
0 0.953125 0.220312 0.031250 0.025000
0 0.960938 0.250000 0.034375 0.034375
0 0.965625 0.279687 0.037500 0.031250
0 0.972656 0.310156 0.035937 0.023438
0 0.980469 0.335938 0.032813 0.025000
0 0.982812 0.362500 0.028125 0.028125
0 0.985156 0.389062 0.020313 0.021875
0 0.989844 0.414062 0.014063 0.021875
0 0.984375 0.222656 0.025000 0.023438
0 0.987500 0.247656 0.018750 0.026562
0 0.992969 0.275781 0.010937 0.026562
0 0.987500 0.302344 0.018750 0.023438
0 0.962500 0.443750 0.034375 0.034375
0 0.967187 0.477344 0.034375 0.042188
0 0.989844 0.441406 0.014063 0.023438
0 0.992188 0.475781 0.012500 0.039062
0 0.971094 0.515625 0.032813 0.031250
0 0.994531 0.518750 0.004687 0.037500
0 0.978125 0.552344 0.037500 0.032813
0 0.982812 0.589063 0.025000 0.034375
0 0.989062 0.625781 0.018750 0.032813
0 0.990625 0.661719 0.012500 0.032813
0 0.992969 0.697656 0.007812 0.026562
0 0.995313 0.728125 0.006250 0.028125
0 0.852344 0.125000 0.042188 0.031250
0 0.859375 0.158594 0.037500 0.032813
0 0.867188 0.192969 0.040625 0.035937
0 0.870313 0.232031 0.040625 0.042188
0 0.878906 0.273438 0.042188 0.034375
0 0.892188 0.308594 0.037500 0.032813
0 0.896875 0.342187 0.043750 0.034375
0 0.912500 0.378125 0.050000 0.037500
0 0.913281 0.409375 0.048438 0.031250
0 0.922656 0.446094 0.042188 0.045312
0 0.933594 0.486719 0.039062 0.029687
0 0.938281 0.524219 0.042188 0.032813
0 0.942187 0.558594 0.040625 0.029687
0 0.950781 0.589844 0.039062 0.029687
0 0.960156 0.625000 0.045312 0.034375
0 0.966406 0.661719 0.042188 0.029687
0 0.965625 0.694531 0.037500 0.035937
0 0.973437 0.732031 0.031250 0.042188
0 0.981250 0.769531 0.031250 0.035937
0 0.985938 0.801562 0.021875 0.034375
0 0.990625 0.837500 0.012500 0.037500
0 0.994531 0.871875 0.007812 0.021875
0 0.995313 0.901563 0.003125 0.021875
0 0.793750 0.060937 0.043750 0.031250
0 0.800000 0.094531 0.037500 0.032813
0 0.803906 0.127344 0.035937 0.035937
0 0.817187 0.161719 0.040625 0.032813
0 0.827344 0.197656 0.032813 0.042188
0 0.832812 0.233594 0.037500 0.029687
0 0.833594 0.267188 0.048438 0.031250
0 0.844531 0.301563 0.048438 0.031250
0 0.856250 0.338281 0.037500 0.042188
0 0.865625 0.374219 0.031250 0.026562
0 0.869531 0.403906 0.042188 0.035937
0 0.873437 0.441406 0.050000 0.029687
0 0.880469 0.471875 0.045312 0.031250
0 0.888281 0.503906 0.045312 0.026562
0 0.896875 0.535937 0.040625 0.031250
0 0.901563 0.571875 0.037500 0.034375
0 0.908594 0.603906 0.039062 0.029687
0 0.911719 0.633594 0.042188 0.026562
0 0.917188 0.662500 0.046875 0.031250
0 0.921094 0.689844 0.045312 0.026562
0 0.932813 0.717969 0.043750 0.026562
0 0.936719 0.748437 0.032813 0.028125
0 0.948438 0.777344 0.034375 0.032813
0 0.958594 0.812500 0.035937 0.031250
0 0.969531 0.849219 0.035937 0.035937
0 0.977344 0.878125 0.029687 0.028125
0 0.982031 0.904687 0.026562 0.025000
0 0.985938 0.932031 0.025000 0.023438
0 0.988281 0.957812 0.020313 0.031250
0 0.991406 0.983594 0.010937 0.020313
0 0.747656 0.049219 -0.048438 -0.051562
0 0.759375 0.089844 0.040625 0.035937
0 0.763281 0.125000 0.039062 0.034375
0 0.775781 0.162500 0.045312 0.031250
0 0.785937 0.192188 0.040625 0.037500
0 0.793750 0.232813 0.034375 0.046875
0 0.796875 0.271875 0.034375 0.040625
0 0.803125 0.308594 0.040625 0.035937
0 0.817187 0.347656 0.031250 0.035937
0 0.828906 0.385937 0.039062 0.037500
0 0.828125 0.419531 0.034375 0.035937
0 0.833594 0.453906 0.026562 0.029687
0 0.842187 0.480469 0.028125 0.029687
0 0.846094 0.512500 0.035937 0.031250
0 0.858594 0.541406 0.035937 0.029687
0 0.866406 0.571094 0.029687 0.029687
0 0.875000 0.607031 0.031250 0.035937
0 0.878125 0.642188 0.025000 0.034375
0 0.883594 0.675000 0.026562 0.040625
0 0.894531 0.711719 0.032813 0.042188
0 0.902344 0.753125 0.035937 0.034375
0 0.909375 0.788281 0.040625 0.042188
0 0.921875 0.829688 0.040625 0.037500
0 0.933594 0.859375 0.039062 0.034375
0 0.945312 0.902344 0.037500 0.035937
0 0.953125 0.935156 0.034375 0.035937
0 0.958594 0.969531 0.045312 0.023438
0 0.968750 0.985938 0.040625 0.021875
0 0.926562 0.984375 0.028125 0.021875
0 0.917188 0.957812 -0.040625 -0.031250
0 0.912500 0.928125 -0.040625 -0.034375
0 0.900781 0.897656 -0.035937 -0.035937
0 0.891406 0.861719 -0.035937 -0.032813
0 0.883594 0.828906 -0.035937 -0.032813
0 0.878125 0.793750 -0.043750 -0.034375
0 0.871875 0.759375 -0.046875 -0.037500
0 0.861719 0.728906 -0.035937 -0.039062
0 0.853125 0.696875 -0.034375 -0.034375
0 0.844531 0.665625 -0.035937 -0.034375
0 0.840625 0.633594 -0.043750 -0.032813
0 0.828906 0.596094 -0.035937 -0.039062
0 0.824219 0.565625 -0.042188 -0.034375
0 0.816406 0.533594 -0.035937 -0.029687
0 0.809375 0.499219 -0.034375 -0.035937
0 0.806250 0.461719 -0.037500 -0.035937
0 0.793750 0.429688 -0.043750 -0.037500
0 0.791406 0.392969 -0.039062 -0.042188
0 0.781250 0.354687 -0.037500 -0.040625
0 0.777344 0.319531 -0.039062 -0.039062
0 0.771875 0.285156 -0.034375 -0.039062
0 0.761719 0.250781 -0.026562 -0.032813
0 0.755469 0.211719 -0.029687 -0.042188
0 0.744531 0.175781 -0.035937 -0.035937
0 0.738281 0.144531 -0.039062 -0.039062
0 0.726562 0.110937 -0.043750 -0.034375
0 0.722656 0.084375 -0.035937 -0.021875
0 0.714063 0.061719 -0.046875 -0.029687
0 0.668750 0.070312 -0.040625 -0.025000
0 0.675781 0.100781 0.042188 0.032813
0 0.691406 0.132031 0.035937 0.035937
0 0.700000 0.167187 0.037500 0.028125
0 0.705469 0.198437 0.042188 0.028125
0 0.718750 0.232031 0.040625 0.035937
0 0.724219 0.263281 0.042188 0.023438
0 0.727344 0.293750 0.042188 0.028125
0 0.733594 0.328125 0.039062 0.031250
0 0.736719 0.355469 0.042188 0.032813
0 0.744531 0.392188 0.042188 0.034375
0 0.751563 0.430469 0.040625 0.035937
0 0.760156 0.469531 0.045312 0.039062
0 0.771094 0.508594 0.039062 0.042188
0 0.783594 0.552344 0.039062 0.045312
0 0.785156 0.596094 0.045312 0.042188
0 0.798438 0.635156 0.037500 0.042188
0 0.804688 0.672656 0.046875 0.035937
0 0.813281 0.710938 0.039062 0.037500
0 0.821094 0.749219 0.048438 0.032813
0 0.828125 0.783594 0.043750 0.029687
0 0.838281 0.819531 0.048438 0.039062
0 0.850000 0.854688 0.043750 0.034375
0 0.859375 0.891406 0.037500 0.035937
0 0.870313 0.928906 0.037500 0.032813
0 0.876563 0.961719 0.037500 0.029687
0 0.885938 0.987500 0.050000 0.018750
0 0.839063 0.981250 0.040625 0.031250
0 0.838281 0.950781 -0.039062 -0.039062
0 0.834375 0.918750 -0.043750 -0.037500
0 0.825781 0.882031 -0.045312 -0.035937
0 0.818750 0.850781 -0.046875 -0.032813
0 0.811719 0.821875 -0.051562 -0.040625
0 0.790625 0.777344 -0.031250 -0.045312
0 0.780469 0.734375 -0.035937 -0.040625
0 0.775781 0.700781 -0.032813 -0.032813
0 0.766406 0.664062 -0.029687 -0.043750
0 0.760156 0.623437 -0.035937 -0.037500
0 0.754687 0.595313 -0.031250 -0.040625
0 0.746094 0.556250 -0.032813 -0.043750
0 0.742188 0.514062 -0.025000 -0.050000
0 0.726562 0.462500 -0.025000 -0.040625
0 0.715625 0.410938 -0.028125 -0.062500
0 0.700781 0.357812 -0.035937 -0.050000
0 0.694531 0.317188 -0.029687 -0.034375
0 0.690625 0.286719 -0.028125 -0.032813
0 0.683594 0.252344 -0.032813 -0.042188
0 0.685937 0.216406 -0.028125 -0.032813
0 0.669531 0.185938 -0.029687 -0.037500
0 0.664062 0.149219 -0.028125 -0.035937
0 0.653906 0.120313 -0.026562 -0.025000
0 0.644531 0.096875 -0.032813 -0.028125
0 0.605469 0.116406 0.051562 0.023438
0 0.618750 0.142969 0.040625 0.029687
0 0.624219 0.172656 0.039062 0.032813
0 0.629687 0.207031 0.040625 0.035937
0 0.644531 0.240625 0.029687 0.031250
0 0.651563 0.273438 0.031250 0.034375
0 0.658594 0.307812 0.035937 0.040625
0 0.661719 0.346094 0.039062 0.039062
0 0.668750 0.384375 0.034375 0.037500
0 0.678906 0.421875 0.045312 0.034375
0 0.683594 0.455469 0.039062 0.032813
0 0.691406 0.482812 0.042188 0.028125
0 0.704688 0.512500 0.040625 0.031250
0 0.711719 0.546094 0.035937 0.032813
0 0.715625 0.578125 0.034375 0.031250
0 0.720313 0.614062 0.046875 0.037500
0 0.731250 0.654687 0.034375 0.040625
0 0.739062 0.693750 0.040625 0.037500
0 0.742188 0.728125 0.040625 0.034375
0 0.752344 0.763281 0.042188 0.035937
0 0.761719 0.800000 0.029687 0.028125
0 0.774219 0.832812 0.035937 0.034375
0 0.784375 0.871094 0.037500 0.042188
0 0.791406 0.907031 0.032813 0.032813
0 0.793750 0.940625 0.034375 0.031250
0 0.800000 0.978125 0.031250 0.037500
0 0.765625 0.978906 0.031250 0.032813
0 0.762500 0.950781 -0.037500 -0.032813
0 0.752344 0.916406 -0.042188 -0.042188
0 0.750000 0.881250 -0.034375 -0.034375
0 0.746875 0.850781 -0.034375 -0.029687
0 0.739062 0.821875 -0.037500 -0.034375
0 0.728906 0.792969 -0.039062 -0.032813
0 0.716406 0.760938 -0.035937 -0.037500
0 0.711719 0.732031 -0.039062 -0.032813
0 0.707031 0.703906 -0.048438 -0.039062
0 0.698438 0.670312 -0.037500 -0.037500
0 0.693750 0.642188 -0.040625 -0.034375
0 0.678125 0.608594 -0.040625 -0.035937
0 0.673438 0.578125 -0.040625 -0.037500
0 0.670312 0.548438 -0.034375 -0.034375
0 0.660937 0.511719 -0.040625 -0.032813
0 0.659375 0.483594 -0.028125 -0.029687
0 0.648438 0.453125 -0.028125 -0.034375
0 0.640625 0.418750 -0.031250 -0.037500
0 0.631250 0.384375 -0.031250 -0.040625
0 0.623437 0.350781 -0.034375 -0.035937
0 0.617969 0.314063 -0.035937 -0.040625
0 0.614062 0.280469 -0.043750 -0.035937
0 0.603906 0.242969 -0.042188 -0.039062
0 0.596094 0.208594 -0.048438 -0.035937
0 0.590625 0.179688 -0.053125 -0.031250
0 0.581250 0.150000 -0.034375 -0.034375
0 0.576562 0.121875 -0.046875 -0.021875
0 0.539062 0.134375 0.028125 0.025000
0 0.545312 0.164062 0.034375 0.025000
0 0.546875 0.186719 0.034375 0.029687
0 0.553125 0.221875 0.034375 0.037500
0 0.562500 0.261719 0.034375 0.032813
0 0.567969 0.297656 0.035937 0.035937
0 0.581250 0.332031 0.034375 0.029687
0 0.589844 0.372656 0.029687 0.039062
0 0.598437 0.411719 0.037500 0.035937
0 0.612500 0.381250 0.012500 0.021875
0 0.603125 0.449219 0.043750 0.032813
0 0.620313 0.491406 0.040625 0.042188
0 0.625000 0.529687 0.031250 0.034375
0 0.630469 0.558594 0.039062 0.032813
0 0.634375 0.587500 0.031250 0.031250
0 0.644531 0.622656 0.042188 0.029687
0 0.650781 0.657813 0.042188 0.040625
0 0.655469 0.697656 0.039062 0.042188
0 0.667188 0.739062 0.037500 0.037500
0 0.678125 0.770312 0.037500 0.031250
0 0.688281 0.803125 0.045312 0.037500
0 0.698438 0.834375 0.037500 0.028125
0 0.709375 0.868750 0.037500 0.037500
0 0.713281 0.907813 0.035937 0.037500
0 0.717969 0.942187 0.039062 0.031250
0 0.730469 0.976562 0.039062 0.037500
0 0.688281 0.979688 0.042188 0.034375
0 0.685937 0.946875 -0.040625 -0.025000
0 0.678906 0.913281 -0.035937 -0.035937
0 0.676562 0.878906 -0.031250 -0.035937
0 0.663281 0.835938 -0.035937 -0.037500
0 0.653125 0.800781 -0.040625 -0.035937
0 0.638281 0.761719 -0.032813 -0.035937
0 0.632812 0.720313 -0.031250 -0.043750
0 0.621094 0.683594 -0.035937 -0.042188
0 0.612500 0.642188 -0.040625 -0.040625
0 0.604688 0.599219 -0.034375 -0.042188
0 0.598437 0.565625 -0.040625 -0.028125
0 0.589844 0.534375 -0.042188 -0.028125
0 0.585156 0.504687 -0.029687 -0.037500
0 0.578125 0.466406 -0.021875 -0.039062
0 0.563281 0.417969 -0.039062 -0.039062
0 0.557813 0.377344 -0.031250 -0.042188
0 0.546094 0.343750 -0.039062 -0.037500
0 0.539844 0.304688 -0.029687 -0.043750
0 0.530469 0.264844 -0.023438 -0.032813
0 0.524219 0.226562 -0.029687 -0.037500
0 0.514062 0.192969 -0.031250 -0.035937
0 0.508594 0.159375 -0.032813 -0.031250
0 0.503906 0.134375 -0.023438 -0.018750
0 0.521875 0.133594 0.006250 0.014063
0 0.477344 0.153906 -0.029687 -0.035937
0 0.482031 0.188281 0.029687 0.029687
0 0.484375 0.225000 0.031250 0.037500
0 0.494531 0.257812 0.042188 0.034375
0 0.502344 0.291406 0.039062 0.035937
0 0.507812 0.332031 0.028125 0.035937
0 0.519531 0.373437 0.029687 0.040625
0 0.525000 0.413281 0.037500 0.035937
0 0.537500 0.451562 0.040625 0.040625
0 0.544531 0.495312 0.042188 0.040625
0 0.550000 0.541406 0.040625 0.045312
0 0.555469 0.582812 0.045312 0.040625
0 0.565625 0.620313 0.037500 0.037500
0 0.572656 0.654687 0.029687 0.031250
0 0.583594 0.692187 0.035937 0.043750
0 0.594531 0.732812 0.042188 0.040625
0 0.604688 0.774219 0.034375 0.045312
0 0.614062 0.812500 0.034375 0.034375
0 0.625781 0.853125 0.042188 0.040625
0 0.635938 0.894531 0.043750 0.039062
0 0.643750 0.931250 0.040625 0.037500
0 0.646875 0.964063 0.034375 0.031250
0 0.650781 0.980469 0.035937 0.029687
0 0.617969 0.980469 0.032813 0.029687
0 0.609375 0.950000 0.037500 0.031250
0 0.603125 0.915625 0.034375 0.034375
0 0.596875 0.880469 -0.037500 -0.035937
0 0.586719 0.845313 -0.042188 -0.037500
0 0.582031 0.814844 -0.042188 -0.035937
0 0.575781 0.779687 -0.029687 -0.025000
0 0.567187 0.753125 -0.034375 -0.031250
0 0.561719 0.719531 -0.026562 -0.029687
0 0.551562 0.691406 -0.037500 -0.035937
0 0.545312 0.660937 -0.040625 -0.040625
0 0.535937 0.625781 -0.037500 -0.035937
0 0.524219 0.593750 -0.039062 -0.037500
0 0.515625 0.557031 -0.034375 -0.032813
0 0.512500 0.527344 -0.043750 -0.032813
0 0.503125 0.495312 -0.040625 -0.043750
0 0.493750 0.457031 -0.037500 -0.045312
0 0.488281 0.424219 -0.035937 -0.032813
0 0.478125 0.383594 -0.031250 -0.048438
0 0.479687 0.341406 -0.025000 -0.048438
0 0.467187 0.296094 -0.034375 -0.045312
0 0.457813 0.252344 -0.034375 -0.035937
0 0.446875 0.216406 -0.037500 -0.039062
0 0.442188 0.183594 -0.028125 -0.026562
0 0.442188 0.164844 -0.031250 -0.026562
0 0.358594 0.203125 -0.039062 -0.034375
0 0.364844 0.232813 0.042188 0.025000
0 0.375781 0.267188 0.045312 0.043750
0 0.383594 0.304688 0.039062 0.031250
0 0.390625 0.335938 0.043750 0.034375
0 0.398438 0.367969 0.043750 0.032813
0 0.407031 0.403906 0.042188 0.039062
0 0.407813 0.441406 0.043750 0.035937
0 0.418750 0.476562 0.031250 0.034375
0 0.426563 0.508594 0.031250 0.035937
0 0.432031 0.543750 0.029687 0.031250
0 0.439063 0.571094 0.028125 0.020313
0 0.445312 0.600000 0.031250 0.037500
0 0.450781 0.633594 0.039062 0.039062
0 0.455469 0.670312 0.039062 0.034375
0 0.464062 0.707031 0.040625 0.035937
0 0.471875 0.746875 0.040625 0.040625
0 0.485938 0.788281 0.037500 0.042188
0 0.494531 0.827344 0.032813 0.039062
0 0.505469 0.864062 0.039062 0.037500
0 0.513281 0.902344 0.042188 0.042188
0 0.522656 0.939063 0.035937 0.034375
0 0.535156 0.967969 0.045312 0.023438
0 0.542188 0.985938 0.040625 0.025000
0 0.579688 0.984375 0.037500 0.025000
0 0.575000 0.954688 -0.043750 -0.040625
0 0.564844 0.921875 -0.045312 -0.021875
0 0.559375 0.893750 -0.043750 -0.034375
0 0.546875 0.859375 -0.043750 -0.034375
0 0.538281 0.830469 -0.045312 -0.035937
0 0.531250 0.789844 -0.043750 -0.039062
0 0.524219 0.750000 -0.039062 -0.034375
0 0.518750 0.714844 -0.050000 -0.035937
0 0.507812 0.676562 -0.050000 -0.040625
0 0.494531 0.645312 -0.048438 -0.031250
0 0.492969 0.614062 -0.048438 -0.031250
0 0.489844 0.582812 -0.042188 -0.034375
0 0.477344 0.549219 -0.039062 -0.035937
0 0.469531 0.514062 -0.035937 -0.037500
0 0.455469 0.478125 -0.039062 -0.040625
0 0.460156 0.457813 -0.020313 -0.003125
0 0.453125 0.444531 -0.037500 -0.032813
0 0.450781 0.411719 -0.026562 -0.042188
0 0.446094 0.371094 -0.029687 -0.042188
0 0.443750 0.333594 -0.031250 -0.029687
0 0.428125 0.350781 -0.018750 -0.060937
0 0.433594 0.308594 -0.045312 -0.029687
0 0.425000 0.275781 -0.043750 -0.032813
0 0.417969 0.242188 -0.035937 -0.046875
0 0.410156 0.210938 -0.042188 -0.034375
0 0.402344 0.180469 -0.042188 -0.026562
0 0.321094 0.228125 0.039062 0.028125
0 0.328906 0.256250 0.039062 0.037500
0 0.337500 0.289844 0.031250 0.032813
0 0.345313 0.328125 0.031250 0.037500
0 0.356250 0.365625 0.037500 0.028125
0 0.363281 0.398438 0.042188 0.040625
0 0.367969 0.435937 0.039062 0.037500
0 0.382812 0.471875 0.034375 0.034375
0 0.393750 0.507812 0.037500 0.037500
0 0.400781 0.548438 0.039062 0.037500
0 0.406250 0.592187 0.025000 0.043750
0 0.414844 0.625000 0.029687 0.031250
0 0.425000 0.592969 -0.015625 -0.035937
0 0.421094 0.660156 0.032813 0.035937
0 0.432031 0.695312 0.042188 0.040625
0 0.436719 0.731250 0.032813 0.037500
0 0.442969 0.764844 0.039062 0.032813
0 0.450000 0.794531 0.037500 0.032813
0 0.455469 0.827344 0.039062 0.035937
0 0.464844 0.864062 0.045312 0.034375
0 0.471875 0.895312 0.043750 0.031250
0 0.477344 0.925781 0.039062 0.032813
0 0.486719 0.957031 0.039062 0.029687
0 0.499219 0.985938 0.039062 0.025000
0 0.458594 0.982812 0.042188 0.031250
0 0.448437 0.946875 -0.037500 -0.034375
0 0.442969 0.910156 -0.042188 -0.042188
0 0.432031 0.869531 -0.029687 -0.042188
0 0.419531 0.833594 -0.032813 -0.039062
0 0.413281 0.794531 -0.032813 -0.045312
0 0.409375 0.754687 -0.031250 -0.040625
0 0.402344 0.716406 -0.029687 -0.039062
0 0.393750 0.677344 -0.034375 -0.045312
0 0.385156 0.639062 -0.032813 -0.034375
0 0.378906 0.596875 -0.035937 -0.050000
0 0.367188 0.549219 -0.037500 -0.045312
0 0.355469 0.502344 -0.035937 -0.051562
0 0.347656 0.463281 -0.042188 -0.042188
0 0.335938 0.425781 -0.034375 -0.035937
0 0.326562 0.392188 -0.025000 -0.034375
0 0.317188 0.359375 -0.031250 -0.037500
0 0.310937 0.328125 -0.031250 -0.037500
0 0.303906 0.292969 -0.023438 -0.032813
0 0.300000 0.271875 -0.034375 -0.028125
0 0.296875 0.244531 -0.025000 -0.029687
0 0.276562 0.256250 0.021875 0.012500
0 0.271875 0.275781 0.021875 0.029687
0 0.275000 0.306250 0.031250 0.031250
0 0.235156 0.269531 -0.051562 -0.026562
0 0.238281 0.300000 0.039062 0.031250
0 0.239844 0.333594 0.035937 0.029687
0 0.247656 0.361719 0.035937 0.029687
0 0.251563 0.393750 0.025000 0.034375
0 0.258594 0.428906 0.029687 0.029687
0 0.261719 0.459375 0.023438 0.021875
0 0.190625 0.284375 -0.043750 -0.025000
0 0.200781 0.314063 0.032813 0.028125
0 0.205469 0.345313 0.029687 0.031250
0 0.214844 0.378125 0.035937 0.031250
0 0.221094 0.407813 0.029687 0.031250
0 0.228125 0.438281 0.025000 0.026562
0 0.234375 0.468750 0.025000 0.034375
0 0.156250 0.296875 -0.037500 -0.025000
0 0.162500 0.327344 0.031250 0.026562
0 0.167969 0.353125 0.029687 0.028125
0 0.172656 0.378906 0.035937 0.026562
0 0.177344 0.409375 0.042188 0.037500
0 0.185938 0.441406 0.053125 0.035937
0 0.194531 0.471875 0.035937 0.034375
0 0.206250 0.507031 0.043750 0.039062
0 0.210938 0.539062 0.034375 0.034375
0 0.217188 0.568750 0.028125 0.031250
0 0.119531 0.319531 -0.039062 -0.026562
0 0.127344 0.350000 0.042188 0.034375
0 0.130469 0.382031 0.032813 0.035937
0 0.137500 0.414062 0.034375 0.037500
0 0.147656 0.456250 0.045312 0.043750
0 0.153906 0.493750 0.045312 0.037500
0 0.169531 0.534375 0.045312 0.031250
0 0.177344 0.568750 0.039062 0.034375
0 0.075781 0.336719 -0.045312 -0.035937
0 0.081250 0.375781 0.043750 0.032813
0 0.092188 0.407031 0.040625 0.035937
0 0.095312 0.439844 0.040625 0.035937
0 0.103906 0.474219 0.042188 0.039062
0 0.110156 0.514062 0.048438 0.037500
0 0.111719 0.549219 0.057813 0.039062
0 0.035156 0.360156 -0.042188 -0.035937
0 0.043750 0.400781 0.043750 0.042188
0 0.051562 0.433594 0.040625 0.035937
0 0.058594 0.467969 0.035937 0.039062
0 0.061719 0.505469 0.032813 0.035937
0 0.067969 0.543750 0.035937 0.037500
0 0.010937 0.367969 -0.015625 -0.032813
0 0.012500 0.400781 -0.025000 -0.039062
0 0.015625 0.435156 -0.028125 -0.039062
0 0.019531 0.470313 -0.035937 -0.046875
0 0.025781 0.507812 -0.045312 -0.043750
0 0.034375 0.541406 -0.034375 -0.039062
0 0.009375 0.546094 -0.015625 -0.032813
0 0.276562 0.334375 0.031250 0.031250
0 0.282031 0.367969 0.035937 0.039062
0 0.285156 0.401562 0.048438 0.037500
0 0.299219 0.435937 0.042188 0.028125
0 0.304688 0.465625 0.040625 0.034375
0 0.311719 0.497656 0.048438 0.035937
0 0.322656 0.534375 0.045312 0.037500
0 0.269531 0.481250 0.032813 0.028125
0 0.275000 0.511719 0.031250 0.032813
0 0.285938 0.539844 0.028125 0.032813
0 0.291406 0.570312 0.023438 0.031250
0 0.242188 0.497656 0.025000 0.023438
0 0.243750 0.527344 0.028125 0.029687
0 0.252344 0.557031 0.039062 0.029687
0 0.253906 0.582812 0.045312 0.025000
0 0.337500 0.568750 0.040625 0.028125
0 0.347656 0.599219 0.035937 0.032813
0 0.354687 0.632031 0.028125 0.029687
0 0.353906 0.664844 0.032813 0.035937
0 0.357031 0.694531 0.029687 0.042188
0 0.369531 0.731250 0.035937 0.031250
0 0.368750 0.765625 0.043750 0.043750
0 0.375000 0.803906 0.037500 0.032813
0 0.382812 0.836719 0.043750 0.032813
0 0.392188 0.870313 0.050000 0.031250
0 0.396094 0.903125 0.039062 0.034375
0 0.405469 0.939844 0.045312 0.032813
0 0.414844 0.967969 0.042188 0.026562
0 0.418750 0.986719 0.037500 0.023438
0 0.310156 0.593750 0.039062 0.028125
0 0.285938 0.597656 0.012500 0.020313
0 0.312500 0.625000 0.050000 0.028125
0 0.312500 0.651563 0.037500 0.031250
0 0.319531 0.687500 0.042188 0.034375
0 0.325781 0.721875 0.039062 0.031250
0 0.328125 0.757031 0.037500 0.039062
0 0.330469 0.794531 0.029687 0.039062
0 0.337500 0.817969 0.043750 0.039062
0 0.343750 0.854688 0.040625 0.031250
0 0.349219 0.889062 0.032813 0.037500
0 0.360938 0.925000 0.040625 0.034375
0 0.367969 0.952344 0.026562 0.023438
0 0.376563 0.978906 0.040625 0.035937
0 0.260937 0.614062 0.031250 0.040625
0 0.270313 0.652344 0.037500 0.032813
0 0.275781 0.689844 0.039062 0.042188
0 0.278125 0.728906 0.037500 0.032813
0 0.288281 0.764062 0.039062 0.040625
0 0.295312 0.800000 0.034375 0.040625
0 0.303906 0.839844 0.029687 0.039062
0 0.311719 0.881250 0.026562 0.046875
0 0.321094 0.925000 0.032813 0.040625
0 0.335938 0.957812 0.034375 0.028125
0 0.342969 0.983594 0.029687 0.026562
0 0.219531 0.600781 0.048438 0.035937
0 0.226562 0.638281 0.034375 0.035937
0 0.234375 0.676562 0.037500 0.028125
0 0.239844 0.710938 0.032813 0.037500
0 0.249219 0.747656 0.032813 0.042188
0 0.258594 0.789062 0.029687 0.034375
0 0.265625 0.823438 0.031250 0.037500
0 0.271875 0.859375 0.034375 0.037500
0 0.285156 0.831250 -0.017188 -0.028125
0 0.278906 0.896094 0.042188 0.042188
0 0.292969 0.935937 0.045312 0.034375
0 0.299219 0.963281 0.048438 0.023438
0 0.307031 0.983594 0.035937 0.026562
0 0.177344 0.602344 0.032813 0.039062
0 0.185156 0.635156 0.039062 0.032813
0 0.192188 0.670312 0.040625 0.037500
0 0.198437 0.712500 0.040625 0.043750
0 0.207813 0.759375 0.050000 0.040625
0 0.222656 0.802344 0.042188 0.042188
0 0.227344 0.840625 0.039062 0.043750
0 0.232813 0.878906 0.037500 0.042188
0 0.248438 0.922656 0.040625 0.042188
0 0.257812 0.960156 0.034375 0.032813
0 0.266406 0.986719 0.042188 0.023438
0 0.130469 0.585938 0.048438 0.034375
0 0.137500 0.620313 0.040625 0.031250
0 0.146094 0.652344 0.045312 0.029687
0 0.150781 0.684375 0.042188 0.028125
0 0.156250 0.719531 0.034375 0.032813
0 0.166406 0.757031 0.032813 0.032813
0 0.178125 0.792188 0.046875 0.037500
0 0.185938 0.828906 0.043750 0.029687
0 0.184375 0.858594 0.046875 0.039062
0 0.196094 0.891406 0.039062 0.029687
0 0.204687 0.925781 0.040625 0.032813
0 0.217969 0.958594 0.045312 0.029687
0 0.221875 0.984375 0.040625 0.028125
0 0.082812 0.578906 0.046875 0.026562
0 0.090625 0.606250 0.034375 0.025000
0 0.095312 0.630469 0.034375 0.029687
0 0.097656 0.662500 0.039062 0.034375
0 0.107813 0.700781 0.050000 0.039062
0 0.121094 0.741406 0.039062 0.035937
0 0.125781 0.777344 0.045312 0.035937
0 0.132812 0.812500 0.056250 0.037500
0 0.146875 0.851562 0.046875 0.034375
0 0.152344 0.888281 0.039062 0.032813
0 0.161719 0.925000 0.039062 0.031250
0 0.175781 0.956250 0.039062 0.025000
0 0.182812 0.982812 0.031250 0.028125
0 0.043750 0.578906 0.034375 0.032813
0 0.054688 0.614062 0.034375 0.034375
0 0.060937 0.650781 0.028125 0.039062
0 0.065625 0.688281 0.021875 0.039062
0 0.077344 0.719531 0.029687 0.026562
0 0.084375 0.747656 0.040625 0.035937
0 0.085938 0.782813 0.031250 0.037500
0 0.089063 0.814063 0.028125 0.034375
0 0.102344 0.850781 0.039062 0.039062
0 0.107031 0.886719 0.054688 0.042188
0 0.120313 0.921094 0.040625 0.029687
0 0.132031 0.952344 0.048438 0.029687
0 0.139844 0.984375 0.048438 0.025000
0 0.017969 0.589063 -0.035937 -0.046875
0 0.021875 0.635156 -0.034375 -0.045312
0 0.028125 0.674219 -0.040625 -0.035937
0 0.035937 0.708594 -0.037500 -0.051562
0 0.041406 0.746094 -0.035937 -0.045312
0 0.046094 0.774219 -0.032813 -0.048438
0 0.052344 0.816406 0.035937 0.039062
0 0.058594 0.857031 0.035937 0.039062
0 0.065625 0.897656 0.034375 0.042188
0 0.078906 0.934375 0.039062 0.034375
0 0.085938 0.962500 0.043750 0.021875
0 0.093750 0.982812 0.037500 0.025000
0 0.008594 0.692187 -0.010937 -0.043750
0 0.014063 0.738281 -0.025000 -0.045312
0 0.017188 0.781250 -0.028125 -0.046875
0 0.018750 0.817969 -0.034375 -0.032813
0 0.026562 0.857031 -0.050000 -0.045312
0 0.028125 0.897656 -0.034375 -0.042188
0 0.042188 0.938281 -0.043750 -0.035937
0 0.047656 0.960938 -0.032813 -0.015625
0 0.054688 0.984375 0.040625 0.025000
0 0.004687 0.895312 -0.009375 -0.037500
0 0.011719 0.927344 -0.023438 -0.035937
0 0.017188 0.957812 -0.028125 -0.028125
0 0.019531 0.973437 0.026562 0.037500
