0 0.019531 0.567187 0.039062 0.034375
0 0.014063 0.531250 0.025000 0.034375
0 0.012500 0.504687 0.021875 0.028125
0 0.006250 0.482812 0.012500 0.021875
0 0.049219 0.557813 0.042188 0.025000
0 0.046094 0.534375 0.039062 0.018750
0 0.042969 0.510156 0.042188 0.032813
0 0.035156 0.481250 0.029687 0.025000
0 0.019531 0.457813 0.032813 0.025000
0 0.010156 0.432812 0.017188 0.025000
0 0.010937 0.409375 0.015625 0.025000
0 0.978125 0.010156 0.037500 0.017188
0 0.984375 0.033594 0.025000 0.023438
0 0.940625 0.013281 0.043750 0.020313
0 0.952344 0.036719 0.039062 0.026562
0 0.960938 0.071875 0.034375 0.037500
0 0.989844 0.065625 0.017188 0.034375
0 0.899219 0.012500 0.039062 0.021875
0 0.911719 0.035937 0.039062 0.025000
0 0.917969 0.061719 0.045312 0.020313
0 0.921875 0.082812 0.040625 0.015625
0 0.925781 0.100781 0.039062 0.017188
0 0.861719 0.009375 0.032813 0.018750
0 0.867188 0.028125 0.028125 0.015625
0 0.874219 0.046094 0.035937 0.020313
0 0.878906 0.067969 0.032813 0.020313
0 0.892188 0.113281 0.034375 0.026562
0 0.885938 0.089063 0.031250 0.018750
0 0.828125 0.012500 0.034375 0.018750
0 0.835156 0.034375 0.039062 0.021875
0 0.841406 0.059375 0.035937 0.021875
0 0.855469 0.104688 0.035937 0.021875
0 0.849219 0.082812 0.032813 0.021875
0 0.861719 0.125000 0.032813 0.018750
0 0.867969 0.147656 0.023438 0.020313
0 0.794531 0.014063 0.042188 0.021875
0 0.800000 0.037500 0.028125 0.018750
0 0.805469 0.057813 0.032813 0.021875
0 0.809375 0.082031 0.040625 0.023438
0 0.814063 0.104688 0.040625 0.021875
0 0.823438 0.128125 0.037500 0.018750
0 0.834375 0.150000 0.037500 0.021875
0 0.753906 0.013281 0.032813 0.023438
0 0.764844 0.037500 0.042188 0.021875
0 0.767969 0.059375 0.039062 0.021875
0 0.769531 0.084375 0.039062 0.021875
0 0.771875 0.109375 0.040625 0.021875
0 0.781250 0.132812 0.034375 0.021875
0 0.790625 0.163281 0.043750 0.032813
0 0.722656 0.036719 0.039062 0.029687
0 0.712500 0.010937 0.046875 0.018750
0 0.727344 0.067187 0.035937 0.028125
0 0.732031 0.097656 0.032813 0.026562
0 0.741406 0.124219 0.039062 0.023438
0 0.750781 0.167969 0.035937 0.026562
0 0.744531 0.145313 0.026562 0.015625
0 0.759375 0.193750 0.043750 0.021875
0 0.663281 0.014063 0.048438 0.025000
0 0.675000 0.038281 0.046875 0.026562
0 0.688281 0.065625 0.042188 0.025000
0 0.691406 0.094531 0.035937 0.023438
0 0.698438 0.121094 0.043750 0.026562
0 0.707031 0.147656 0.042188 0.023438
0 0.712500 0.174219 0.034375 0.020313
0 0.720313 0.200781 0.034375 0.029687
0 0.619531 0.013281 0.039062 0.017188
0 0.628906 0.038281 0.045312 0.026562
0 0.640625 0.065625 0.046875 0.025000
0 0.654687 0.090625 0.037500 0.021875
0 0.658594 0.132031 0.039062 0.020313
0 0.654687 0.111719 0.043750 0.017188
0 0.675781 0.181250 0.032813 0.018750
0 0.668750 0.157812 0.034375 0.025000
0 0.686719 0.199219 0.032813 0.017188
0 0.695312 0.222656 0.034375 0.026562
0 0.574219 0.014844 0.048438 0.026562
0 0.594531 0.042188 0.026562 0.018750
0 0.602344 0.067187 0.026562 0.028125
0 0.617188 0.095312 0.034375 0.021875
0 0.629687 0.142969 0.037500 0.023438
0 0.623437 0.120313 0.021875 0.018750
0 0.636719 0.166406 0.032813 0.020313
0 0.656250 0.212500 0.043750 0.021875
0 0.643750 0.189062 0.034375 0.021875
0 0.660156 0.232813 0.035937 0.018750
0 0.659375 0.254688 0.031250 0.021875
0 0.564063 0.039844 0.031250 0.023438
0 0.571094 0.064844 0.035937 0.026562
0 0.578906 0.091406 0.035937 0.020313
0 0.585938 0.112500 0.037500 0.025000
0 0.596875 0.135156 0.034375 0.017188
0 0.603125 0.157812 0.031250 0.025000
0 0.614062 0.181250 0.025000 0.018750
0 0.621094 0.207031 0.020313 0.026562
0 0.526563 0.036719 0.040625 0.029687
0 0.521094 0.011719 0.057813 0.020313
0 0.532813 0.068750 0.037500 0.025000
0 0.539062 0.095312 0.043750 0.025000
0 0.558594 0.145313 0.045312 0.025000
0 0.548438 0.121094 0.037500 0.023438
0 0.567969 0.171875 0.042188 0.021875
0 0.582812 0.193750 0.043750 0.021875
0 0.592187 0.217969 0.043750 0.023438
0 0.628125 0.257812 0.031250 0.028125
0 0.626563 0.234375 0.031250 0.021875
0 0.592187 0.242188 0.031250 0.021875
0 0.596875 0.267188 0.025000 0.021875
0 0.600000 0.285938 0.018750 0.012500
0 0.469531 0.011719 0.035937 0.020313
0 0.483594 0.035156 0.042188 0.023438
0 0.491406 0.057813 0.035937 0.021875
0 0.501563 0.104688 0.031250 0.021875
0 0.500781 0.081250 0.026562 0.021875
0 0.511719 0.129688 0.026562 0.025000
0 0.519531 0.153906 0.029687 0.020313
0 0.525000 0.177344 0.034375 0.017188
0 0.538281 0.197656 0.042188 0.017188
0 0.548438 0.216406 0.043750 0.023438
0 0.553125 0.243750 0.040625 0.025000
0 0.562500 0.267969 0.043750 0.020313
0 0.570312 0.296094 0.040625 0.029687
0 0.432031 0.010937 0.032813 0.021875
0 0.446094 0.032031 0.029687 0.023438
0 0.456250 0.058594 0.031250 0.023438
0 0.467969 0.083594 0.042188 0.023438
0 0.468750 0.107031 0.034375 0.020313
0 0.478125 0.128125 0.037500 0.021875
0 0.485156 0.151562 0.039062 0.025000
0 0.488281 0.176563 0.032813 0.021875
0 0.496875 0.200781 0.037500 0.023438
0 0.507031 0.224219 0.042188 0.020313
0 0.513281 0.246875 0.035937 0.021875
0 0.517969 0.269531 0.039062 0.017188
0 0.528906 0.289062 0.039062 0.018750
0 0.532031 0.314063 0.032813 0.025000
0 0.402344 0.010156 0.026562 0.020313
0 0.414844 0.032813 0.029687 0.018750
0 0.421094 0.053906 0.032813 0.020313
0 0.428125 0.078125 0.037500 0.021875
0 0.433594 0.099219 0.032813 0.017188
0 0.438281 0.121094 0.042188 0.023438
0 0.444531 0.147656 0.039062 0.023438
0 0.451562 0.171094 0.031250 0.023438
0 0.456250 0.194531 0.034375 0.020313
0 0.462500 0.217188 0.037500 0.021875
0 0.474219 0.242969 0.045312 0.026562
0 0.475000 0.270313 0.040625 0.021875
0 0.483594 0.292969 0.048438 0.020313
0 0.491406 0.313281 0.039062 0.020313
0 0.493750 0.333594 0.037500 0.020313
0 0.371094 0.009375 0.032813 0.018750
0 0.379688 0.032813 0.040625 0.025000
0 0.385156 0.057813 0.035937 0.021875
0 0.389062 0.081250 0.034375 0.021875
0 0.397656 0.106250 0.032813 0.021875
0 0.401562 0.128906 0.031250 0.020313
0 0.407031 0.153906 0.032813 0.023438
0 0.415625 0.178125 0.037500 0.025000
0 0.425000 0.205469 0.031250 0.023438
0 0.429688 0.232031 0.040625 0.023438
0 0.429688 0.256250 0.037500 0.025000
0 0.435156 0.281250 0.035937 0.021875
0 0.445312 0.306250 0.037500 0.025000
0 0.457813 0.326562 0.031250 0.015625
0 0.467969 0.349219 0.035937 0.026562
0 0.314063 0.013281 0.040625 0.020313
0 0.344531 0.014063 0.020313 0.025000
0 0.348438 0.038281 0.015625 0.020313
0 0.356250 0.064844 0.018750 0.023438
0 0.362500 0.089063 0.018750 0.015625
0 0.369531 0.111719 0.023438 0.023438
0 0.377344 0.135937 0.014063 0.021875
0 0.382812 0.156250 0.010000 0.018750
0 0.319531 0.039062 0.035937 0.028125
0 0.327344 0.066406 0.039062 0.026562
0 0.338281 0.095312 0.032813 0.025000
0 0.343750 0.120313 0.031250 0.025000
0 0.353125 0.147656 0.034375 0.023438
0 0.368750 0.170313 0.040625 0.021875
0 0.378125 0.194531 0.040625 0.026562
0 0.385156 0.221875 0.039062 0.028125
0 0.402344 0.199219 0.017188 0.020313
0 0.392188 0.250000 0.031250 0.018750
0 0.401562 0.271875 0.034375 0.018750
0 0.407031 0.295312 0.032813 0.025000
0 0.414062 0.322656 0.037500 0.023438
0 0.432812 0.348438 0.043750 0.025000
0 0.438281 0.329688 0.017188 0.025000
0 0.436719 0.375000 0.039062 0.028125
0 0.276562 0.013281 0.037500 0.023438
0 0.293750 0.065625 0.025000 0.018750
0 0.282813 0.039844 0.031250 0.026562
0 0.302344 0.089844 0.032813 0.026562
0 0.310156 0.114844 0.035937 0.023438
0 0.316406 0.139063 0.032813 0.021875
0 0.333594 0.193750 0.045312 0.025000
0 0.348438 0.178125 0.010000 0.010000
0 0.341406 0.221094 0.048438 0.026562
0 0.325000 0.164844 0.043750 0.029687
0 0.352344 0.250781 0.045312 0.026562
0 0.363281 0.278125 0.042188 0.025000
0 0.375000 0.333594 0.043750 0.029687
0 0.369531 0.306250 0.039062 0.025000
0 0.392188 0.360938 0.043750 0.018750
0 0.394531 0.382031 0.039062 0.020313
0 0.238281 0.011719 0.035937 0.023438
0 0.247656 0.035937 0.032813 0.025000
0 0.267188 0.085156 0.034375 0.023438
0 0.261719 0.060937 0.032813 0.025000
0 0.273438 0.115625 0.031250 0.028125
0 0.280469 0.142969 0.039062 0.023438
0 0.282813 0.167187 0.037500 0.028125
0 0.291406 0.194531 0.035937 0.023438
0 0.300000 0.222656 0.040625 0.029687
0 0.310937 0.251563 0.037500 0.025000
0 0.322656 0.278906 0.039062 0.023438
0 0.327344 0.303906 0.039062 0.023438
0 0.331250 0.329688 0.034375 0.021875
0 0.345313 0.357031 0.050000 0.023438
0 0.349219 0.379688 0.042188 0.018750
0 0.353906 0.396094 0.032813 0.010937
0 0.196875 0.010156 0.040625 0.020313
0 0.208594 0.029687 0.039062 0.021875
0 0.213281 0.050781 0.039062 0.020313
0 0.225000 0.075000 0.046875 0.025000
0 0.228125 0.097656 0.040625 0.017188
0 0.236719 0.117969 0.042188 0.023438
0 0.243750 0.144531 0.037500 0.023438
0 0.246875 0.171875 0.034375 0.021875
0 0.254688 0.198437 0.037500 0.025000
0 0.260937 0.224219 0.034375 0.026562
0 0.269531 0.251563 0.039062 0.025000
0 0.275781 0.278125 0.048438 0.021875
0 0.283594 0.302344 0.039062 0.020313
0 0.298438 0.353125 0.037500 0.021875
0 0.291406 0.328125 0.042188 0.025000
0 0.305469 0.376563 0.039062 0.021875
0 0.318750 0.408594 0.037500 0.039062
0 0.163281 0.014063 0.029687 0.025000
0 0.172656 0.039844 0.032813 0.023438
0 0.182812 0.065625 0.034375 0.025000
0 0.186719 0.091406 0.032813 0.023438
0 0.192969 0.116406 0.039062 0.023438
0 0.204687 0.145313 0.040625 0.028125
0 0.211719 0.169531 0.035937 0.023438
0 0.226562 0.221094 0.034375 0.026562
0 0.219531 0.194531 0.026562 0.023438
0 0.231250 0.247656 0.025000 0.023438
0 0.237500 0.277344 0.025000 0.026562
0 0.246094 0.303906 0.029687 0.023438
0 0.251563 0.329688 0.028125 0.025000
0 0.263281 0.356250 0.032813 0.021875
0 0.271094 0.381250 0.035937 0.021875
0 0.278906 0.401562 0.035937 0.012500
0 0.285156 0.425000 0.035937 0.025000
0 0.128125 0.010937 0.037500 0.021875
0 0.132812 0.035937 0.040625 0.021875
0 0.142969 0.062500 0.039062 0.025000
0 0.155469 0.089844 0.035937 0.023438
0 0.164062 0.139844 0.031250 0.023438
0 0.157031 0.114062 0.032813 0.025000
0 0.171094 0.166406 0.035937 0.026562
0 0.185156 0.194531 0.042188 0.026562
0 0.188281 0.222656 0.035937 0.023438
0 0.204687 0.275781 0.037500 0.026562
0 0.197656 0.248438 0.039062 0.025000
0 0.212500 0.305469 0.037500 0.029687
0 0.219531 0.332813 0.032813 0.021875
0 0.228125 0.359375 0.034375 0.025000
0 0.236719 0.385156 0.032813 0.020313
0 0.244531 0.404687 0.029687 0.018750
0 0.251563 0.425781 0.028125 0.020313
0 0.096094 0.034375 0.026562 0.021875
0 0.085156 0.011719 0.042188 0.020313
0 0.102344 0.060156 0.035937 0.023438
0 0.114844 0.085156 0.042188 0.026562
0 0.131250 0.135937 0.034375 0.025000
0 0.122656 0.110937 0.032813 0.025000
0 0.132031 0.163281 0.032813 0.026562
0 0.142187 0.192188 0.043750 0.028125
0 0.152344 0.222656 0.032813 0.029687
0 0.157812 0.249219 0.037500 0.020313
0 0.171875 0.300781 0.037500 0.026562
0 0.165625 0.273438 0.034375 0.025000
0 0.183594 0.328906 0.035937 0.023438
0 0.189844 0.354687 0.035937 0.025000
0 0.200781 0.380469 0.035937 0.026562
0 0.211719 0.405469 0.029687 0.023438
0 0.221875 0.429688 0.031250 0.018750
0 0.224219 0.449219 0.039062 0.017188
0 0.227344 0.472656 0.032813 0.026562
0 0.047656 0.012500 0.035937 0.021875
0 0.059375 0.035156 0.043750 0.020313
0 0.063281 0.057031 0.039062 0.023438
0 0.071094 0.082031 0.045312 0.023438
0 0.078906 0.107031 0.051562 0.020313
0 0.086719 0.131250 0.051562 0.025000
0 0.090625 0.160938 0.046875 0.025000
0 0.099219 0.188281 0.042188 0.026562
0 0.115625 0.246094 0.040625 0.023438
0 0.109375 0.218750 0.050000 0.028125
0 0.128906 0.274219 0.042188 0.026562
0 0.132031 0.303125 0.039062 0.025000
0 0.142969 0.328125 0.042188 0.021875
0 0.150000 0.353125 0.043750 0.025000
0 0.157812 0.382812 0.050000 0.028125
0 0.171875 0.409375 0.053125 0.021875
0 0.178906 0.434375 0.051562 0.021875
0 0.183594 0.460938 0.039062 0.021875
0 0.192188 0.478125 0.043750 0.021875
0 0.193750 0.496875 0.034375 0.012500
0 0.015625 0.014063 0.031250 0.028125
0 0.018750 0.045312 0.034375 0.028125
0 0.028906 0.075000 0.032813 0.025000
0 0.036719 0.100781 0.032813 0.023438
0 0.010937 0.077344 0.018750 0.032813
0 0.012500 0.107031 0.025000 0.029687
0 0.042969 0.128906 0.032813 0.026562
0 0.050000 0.158594 0.031250 0.026562
0 0.058594 0.184375 0.035937 0.025000
0 0.064844 0.213281 0.035937 0.026562
0 0.073438 0.239844 0.040625 0.026562
0 0.086719 0.267188 0.042188 0.021875
0 0.092188 0.293750 0.031250 0.028125
0 0.103906 0.321875 0.029687 0.021875
0 0.108594 0.350781 0.039062 0.029687
0 0.114062 0.375781 0.034375 0.023438
0 0.124219 0.406250 0.042188 0.031250
0 0.136719 0.435937 0.035937 0.028125
0 0.144531 0.464844 0.045312 0.026562
0 0.150781 0.487500 0.035937 0.015625
0 0.152344 0.504687 0.035937 0.018750
0 0.016406 0.139844 0.032813 0.029687
0 0.018750 0.175781 0.037500 0.035937
0 0.029687 0.214844 0.037500 0.032813
0 0.035156 0.246875 0.032813 0.021875
0 0.048438 0.271094 0.034375 0.023438
0 0.057031 0.300000 0.042188 0.025000
0 0.065625 0.326562 0.040625 0.025000
0 0.071094 0.355469 0.032813 0.026562
0 0.076563 0.385937 0.040625 0.025000
0 0.083594 0.413281 0.039062 0.023438
0 0.094531 0.439844 0.051562 0.026562
0 0.103906 0.466406 0.039062 0.026562
0 0.110156 0.494531 0.039062 0.023438
0 0.121094 0.518750 0.029687 0.021875
0 0.010156 0.385156 0.014063 0.023438
0 0.010156 0.219531 0.017188 0.045312
0 0.015625 0.254688 0.025000 0.025000
0 0.017969 0.282031 0.032813 0.032813
0 0.018750 0.310156 0.031250 0.023438
0 0.026562 0.339844 0.040625 0.032813
0 0.035156 0.373437 0.039062 0.028125
0 0.041406 0.405469 0.039062 0.032813
0 0.045312 0.437500 0.043750 0.028125
0 0.060937 0.464062 0.040625 0.028125
0 0.071094 0.494531 0.035937 0.026562
0 0.084375 0.517969 0.043750 0.020313
0 0.085938 0.545312 0.037500 0.028125
0 0.009375 0.352344 0.015625 0.042188
