0 0.008594 0.143750 -0.017188 -0.031250
0 0.032031 0.142969 0.035937 0.035937
0 0.027344 0.117969 0.045312 0.023438
0 0.014844 0.092969 -0.026562 -0.029687
0 0.010937 0.065625 -0.018750 -0.028125
0 0.057813 0.109375 0.043750 0.037500
0 0.035937 0.058594 0.037500 0.026562
0 0.027344 0.024219 -0.048438 -0.045312
0 0.052344 0.078125 -0.054688 -0.031250
0 0.067187 0.015625 -0.040625 -0.025000
0 0.072656 0.042188 0.042188 0.025000
0 0.082031 0.066406 0.032813 0.029687
0 0.092188 0.087500 0.037500 0.034375
0 0.102344 0.010156 -0.042188 -0.020313
0 0.107031 0.028906 0.032813 0.017188
0 0.112500 0.045312 0.053125 0.034375
0 0.125781 0.075781 0.029687 0.026562
0 0.144531 0.012500 -0.042188 -0.021875
0 0.153125 0.037500 0.037500 0.025000
0 0.163281 0.060937 0.032813 0.025000
0 0.182031 0.012500 -0.035937 -0.021875
0 0.191406 0.041406 0.035937 0.035937
0 0.218750 0.017188 0.034375 0.034375
0 0.253125 0.015625 0.034375 0.028125
