0 0.987500 0.017969 0.015625 0.029687
0 0.959375 0.015625 0.031250 0.028125
0 0.968750 0.043750 0.034375 0.025000
0 0.978125 0.068750 0.034375 0.025000
0 0.984375 0.096094 0.021875 0.020313
0 0.993750 0.121875 0.006250 0.018750
0 0.918750 0.015625 0.037500 0.028125
0 0.928125 0.043750 0.046875 0.025000
0 0.937500 0.075000 0.034375 0.028125
0 0.949219 0.100000 0.032813 0.025000
0 0.965625 0.125000 0.031250 0.021875
0 0.975000 0.150000 0.034375 0.025000
0 0.981250 0.179688 0.025000 0.028125
0 0.990625 0.217188 0.006250 0.021875
0 0.878125 0.012500 0.034375 0.025000
0 0.890625 0.042188 0.025000 0.028125
0 0.915625 0.109375 0.034375 0.034375
0 0.903125 0.075000 0.021875 0.025000
0 0.928125 0.143750 0.037500 0.028125
0 0.943750 0.176563 0.037500 0.031250
0 0.956250 0.208594 0.040625 0.026562
0 0.965625 0.234375 0.037500 0.025000
0 0.977344 0.264844 0.039062 0.026562
0 0.981250 0.293750 0.028125 0.025000
0 0.986719 0.324219 0.020313 0.023438
0 0.840625 0.012500 0.028125 0.021875
0 0.855469 0.040625 0.032813 0.028125
0 0.867969 0.071875 0.032813 0.028125
0 0.872656 0.103125 0.029687 0.028125
0 0.884375 0.135937 0.037500 0.028125
0 0.897656 0.167187 0.039062 0.025000
0 0.907031 0.199219 0.042188 0.032813
0 0.923438 0.233594 0.037500 0.032813
0 0.932031 0.254688 -0.020313 0.009375
0 0.939063 0.273438 0.031250 0.028125
0 0.946875 0.305469 0.034375 0.026562
0 0.954688 0.335156 0.034375 0.026562
0 0.971875 0.363281 0.040625 0.023438
0 0.978906 0.390625 0.032813 0.025000
0 0.984375 0.416406 0.028125 0.023438
0 0.988281 0.442969 0.020313 0.020313
0 0.993750 0.467187 0.009375 0.015625
0 0.807031 0.017969 0.039062 0.029687
0 0.817187 0.047656 0.043750 0.026562
0 0.825781 0.079687 0.039062 0.028125
0 0.837500 0.110156 0.037500 0.029687
0 0.850781 0.142187 0.026562 0.025000
0 0.857812 0.172656 0.031250 0.026562
0 0.871094 0.200781 0.026562 0.026562
0 0.884375 0.232031 0.037500 0.029687
0 0.896875 0.264062 0.046875 0.031250
0 0.903906 0.295312 0.042188 0.031250
0 0.910156 0.329688 0.042188 0.031250
0 0.924219 0.363281 0.048438 0.032813
0 0.939844 0.395313 0.039062 0.028125
0 0.948438 0.425781 0.040625 0.026562
0 0.957812 0.454688 0.040625 0.025000
0 0.971875 0.483594 0.037500 0.026562
0 0.979688 0.511719 0.034375 0.026562
0 0.987500 0.537500 0.021875 0.018750
0 0.990625 0.560937 0.012500 0.021875
0 0.765625 0.014844 0.037500 0.026562
0 0.772656 0.042969 0.035937 0.026562
0 0.786719 0.071875 0.032813 0.021875
0 0.792188 0.096875 0.031250 0.021875
0 0.803125 0.122656 0.037500 0.023438
0 0.815625 0.150781 0.037500 0.026562
0 0.827344 0.179688 0.029687 0.025000
0 0.838281 0.206250 0.035937 0.021875
0 0.845313 0.235156 0.037500 0.032813
0 0.851562 0.267188 0.040625 0.028125
0 0.860156 0.295312 0.035937 0.025000
0 0.868750 0.321094 0.034375 0.020313
0 0.877344 0.345313 0.029687 0.025000
0 0.883594 0.370312 0.032813 0.025000
0 0.899219 0.399219 0.039062 0.026562
0 0.909375 0.425000 0.031250 0.021875
0 0.915625 0.453125 0.037500 0.031250
0 0.928906 0.485156 0.039062 0.026562
0 0.942969 0.514844 0.045312 0.023438
0 0.950000 0.539844 0.043750 0.023438
0 0.963281 0.567187 0.039062 0.028125
0 0.976562 0.595313 0.043750 0.028125
0 0.982031 0.626563 0.032813 0.028125
0 0.985156 0.655469 0.020313 0.020313
0 0.723437 0.019531 0.040625 0.032813
0 0.733594 0.052344 0.039062 0.029687
0 0.750781 0.082031 0.035937 0.026562
0 0.760938 0.112500 0.031250 0.028125
0 0.777344 0.142969 0.042188 0.032813
0 0.789844 0.178125 0.039062 0.031250
0 0.802344 0.212500 0.032813 0.031250
0 0.810156 0.245312 0.032813 0.034375
0 0.817187 0.278125 0.031250 0.028125
0 0.829688 0.310156 0.034375 0.035937
0 0.839063 0.346094 0.037500 0.032813
0 0.849219 0.379688 0.039062 0.031250
0 0.867188 0.414844 0.037500 0.029687
0 0.878906 0.445312 0.035937 0.028125
0 0.886719 0.475781 0.029687 0.026562
0 0.899219 0.504687 0.032813 0.025000
0 0.907813 0.534375 0.031250 0.028125
0 0.925000 0.565625 0.034375 0.034375
0 0.932031 0.596094 0.035937 0.029687
0 0.943750 0.626563 0.034375 0.031250
0 0.958594 0.660937 0.035937 0.031250
0 0.972656 0.690625 0.035937 0.028125
0 0.985938 0.723437 0.025000 0.031250
0 0.989844 0.750781 0.014063 0.029687
0 0.682031 0.016406 0.035937 0.026562
0 0.691406 0.045312 0.032813 0.028125
0 0.703906 0.078125 0.035937 0.031250
0 0.719531 0.113281 0.035937 0.029687
0 0.731250 0.150000 0.034375 0.037500
0 0.746875 0.187500 0.046875 0.034375
0 0.760938 0.224219 0.040625 0.032813
0 0.770312 0.257812 0.034375 0.028125
0 0.782031 0.291406 0.032813 0.029687
0 0.793750 0.325000 0.043750 0.028125
0 0.797656 0.356250 0.042188 0.025000
0 0.811719 0.384375 0.042188 0.028125
0 0.823438 0.414844 0.043750 0.029687
0 0.836719 0.449219 0.035937 0.035937
0 0.860156 0.487500 0.039062 0.031250
0 0.867969 0.518750 0.035937 0.034375
0 0.882031 0.557031 0.032813 0.039062
0 0.910937 0.626563 0.034375 0.034375
0 0.926562 0.661719 0.034375 0.026562
0 0.895312 0.589063 0.031250 0.031250
0 0.938281 0.690625 0.032813 0.028125
0 0.951562 0.725781 0.043750 0.039062
0 0.969531 0.763281 0.042188 0.029687
0 0.980469 0.825000 0.035937 0.037500
0 0.986719 0.857812 0.020313 0.025000
0 0.978125 0.792188 0.034375 0.028125
0 0.644531 0.016406 0.032813 0.026562
0 0.653125 0.045312 0.043750 0.028125
0 0.664062 0.074219 0.040625 0.032813
0 0.676562 0.109375 0.040625 0.034375
0 0.690625 0.142187 0.043750 0.031250
0 0.701562 0.177344 0.040625 0.029687
0 0.712500 0.206250 0.034375 0.025000
0 0.721094 0.235156 0.039062 0.029687
0 0.736719 0.267969 0.035937 0.029687
0 0.743750 0.300781 0.040625 0.032813
0 0.757031 0.335938 0.026562 0.028125
0 0.771875 0.370312 0.043750 0.037500
0 0.785156 0.408594 0.039062 0.035937
0 0.796875 0.440625 0.037500 0.031250
0 0.810937 0.478906 0.053125 0.035937
0 0.830469 0.514062 0.042188 0.034375
0 0.845313 0.553906 0.043750 0.035937
0 0.857031 0.591406 0.042188 0.032813
0 0.871875 0.628906 0.037500 0.035937
0 0.885156 0.664844 0.042188 0.029687
0 0.900781 0.700781 0.039062 0.032813
0 0.911719 0.737500 0.035937 0.031250
0 0.929688 0.774219 0.040625 0.032813
0 0.938281 0.810156 0.039062 0.032813
0 0.946875 0.844531 0.037500 0.035937
0 0.967187 0.883594 0.050000 0.039062
0 0.977344 0.923438 0.039062 0.040625
0 0.982812 0.962500 0.031250 0.034375
0 0.610156 0.019531 0.035937 0.032813
0 0.616406 0.050000 0.026562 0.021875
0 0.626563 0.079687 0.028125 0.034375
0 0.650000 0.146875 0.043750 0.034375
0 0.664062 0.183594 0.034375 0.029687
0 0.638281 0.113281 0.035937 0.032813
0 0.676562 0.217969 0.031250 0.029687
0 0.692969 0.246875 0.029687 0.025000
0 0.703906 0.278125 0.039062 0.031250
0 0.710156 0.305469 0.035937 0.020313
0 0.718750 0.334375 0.043750 0.028125
0 0.745313 0.400781 0.043750 0.035937
0 0.734375 0.366406 0.043750 0.029687
0 0.758594 0.435937 0.039062 0.031250
0 0.767188 0.470313 0.043750 0.034375
0 0.777344 0.503125 0.054688 0.031250
0 0.792969 0.534375 0.039062 0.031250
0 0.805469 0.562500 0.035937 0.025000
0 0.816406 0.586719 0.035937 0.020313
0 0.828125 0.607031 0.021875 0.017188
0 0.838281 0.631250 0.035937 0.028125
0 0.862500 0.693750 0.031250 0.028125
0 0.850000 0.662500 0.034375 0.031250
0 0.874219 0.721875 0.029687 0.021875
0 0.883594 0.750000 0.035937 0.028125
0 0.892188 0.778906 0.028125 0.026562
0 0.909375 0.838281 0.037500 0.029687
0 0.900000 0.807813 0.037500 0.028125
0 0.918750 0.875000 0.043750 0.034375
0 0.570312 0.017188 0.043750 0.034375
0 0.582031 0.050000 0.039062 0.031250
0 0.598437 0.113281 0.046875 0.029687
0 0.589844 0.082031 0.045312 0.029687
0 0.606250 0.144531 0.037500 0.029687
0 0.625781 0.175781 0.042188 0.029687
0 0.637500 0.205469 0.046875 0.026562
0 0.646875 0.234375 0.046875 0.025000
0 0.655469 0.262500 0.045312 0.025000
0 0.681250 0.324219 0.031250 0.026562
0 0.668750 0.292187 0.034375 0.034375
0 0.689844 0.357812 0.035937 0.034375
0 0.704688 0.388281 0.034375 0.023438
0 0.707031 0.415625 0.039062 0.031250
0 0.723437 0.446875 0.040625 0.034375
0 0.754687 0.514844 0.043750 0.035937
0 0.732031 0.479687 0.039062 0.031250
0 0.761719 0.550000 0.032813 0.031250
0 0.775000 0.584375 0.046875 0.031250
0 0.791406 0.621094 0.045312 0.045312
0 0.810937 0.664062 0.043750 0.040625
0 0.827344 0.703906 0.039062 0.035937
0 0.835938 0.742969 0.046875 0.039062
0 0.847656 0.779687 0.051562 0.031250
0 0.857812 0.814063 0.040625 0.031250
0 0.869531 0.850781 0.042188 0.035937
0 0.879687 0.882812 0.037500 0.028125
0 0.890625 0.910937 0.037500 0.028125
0 0.932813 0.914062 0.050000 0.034375
0 0.939844 0.950000 0.051562 0.028125
0 0.896094 0.941406 0.039062 0.032813
0 0.524219 0.013281 0.048438 0.026562
0 0.528906 0.040625 0.045312 0.025000
0 0.542969 0.068750 0.042188 0.028125
0 0.552344 0.097656 0.035937 0.026562
0 0.569531 0.156250 0.042188 0.028125
0 0.578906 0.185938 0.045312 0.028125
0 0.559375 0.127344 0.040625 0.026562
0 0.594531 0.211719 0.045312 0.023438
0 0.607031 0.235156 0.042188 0.023438
0 0.614062 0.262500 0.037500 0.028125
0 0.627344 0.293750 0.048438 0.025000
0 0.639844 0.321875 0.051562 0.021875
0 0.650000 0.349219 0.040625 0.026562
0 0.662500 0.379688 0.043750 0.028125
0 0.666406 0.411719 0.039062 0.029687
0 0.680469 0.442969 0.035937 0.026562
0 0.692969 0.472656 0.039062 0.029687
0 0.707812 0.503906 0.046875 0.032813
0 0.720313 0.532813 0.037500 0.025000
0 0.726562 0.562500 0.043750 0.028125
0 0.732812 0.591406 0.043750 0.026562
0 0.742969 0.619531 0.048438 0.029687
0 0.756250 0.646875 0.031250 0.025000
0 0.773438 0.672656 0.037500 0.023438
0 0.789062 0.701562 0.037500 0.028125
0 0.791406 0.728906 0.029687 0.020313
0 0.482812 0.013281 0.031250 0.026562
0 0.488281 0.041406 0.035937 0.029687
0 0.500781 0.069531 0.039062 0.023438
0 0.510156 0.096875 0.045312 0.028125
0 0.520312 0.122656 0.031250 0.023438
0 0.529687 0.151562 0.034375 0.028125
0 0.536719 0.180469 0.032813 0.026562
0 0.553906 0.209375 0.042188 0.028125
0 0.564063 0.239063 0.037500 0.025000
0 0.577344 0.264062 0.032813 0.021875
0 0.585938 0.290625 0.031250 0.025000
0 0.594531 0.318750 0.032813 0.025000
0 0.607812 0.350781 0.037500 0.029687
0 0.617188 0.383594 0.043750 0.026562
0 0.629687 0.414062 0.037500 0.025000
0 0.639062 0.442969 0.043750 0.026562
0 0.663281 0.500781 0.042188 0.026562
0 0.653906 0.472656 0.035937 0.026562
0 0.685156 0.557031 0.032813 0.023438
0 0.675781 0.529687 0.039062 0.028125
0 0.688281 0.586719 0.039062 0.026562
0 0.454688 0.049219 0.028125 0.026562
0 0.446094 0.018750 0.042188 0.031250
0 0.463281 0.081250 0.035937 0.028125
0 0.471875 0.110156 0.034375 0.023438
0 0.495312 0.160938 0.037500 0.028125
0 0.487500 0.135156 0.034375 0.020313
0 0.503125 0.187500 0.034375 0.025000
0 0.516406 0.217969 0.039062 0.029687
0 0.528125 0.246875 0.040625 0.025000
0 0.536719 0.274219 0.045312 0.026562
0 0.546875 0.303125 0.043750 0.025000
0 0.559375 0.332031 0.040625 0.029687
0 0.572656 0.360938 0.039062 0.025000
0 0.578906 0.385937 0.032813 0.025000
0 0.588281 0.412500 0.039062 0.021875
0 0.597656 0.435937 0.035937 0.021875
0 0.611719 0.461719 0.032813 0.026562
0 0.620313 0.488281 0.031250 0.023438
0 0.631250 0.516406 0.040625 0.026562
0 0.642188 0.544531 0.043750 0.026562
0 0.647656 0.570312 0.032813 0.021875
0 0.652344 0.592969 0.029687 0.017188
0 0.399219 0.009375 0.039062 0.015625
0 0.414062 0.033594 0.043750 0.023438
0 0.417969 0.057813 0.035937 0.025000
0 0.432812 0.092969 0.031250 0.020313
0 0.438281 0.116406 0.035937 0.023438
0 0.457031 0.167187 0.035937 0.025000
0 0.450781 0.142187 0.039062 0.021875
0 0.468750 0.198437 0.037500 0.028125
0 0.482031 0.228906 0.039062 0.029687
0 0.488281 0.258594 0.042188 0.026562
0 0.501563 0.289844 0.034375 0.032813
0 0.512500 0.320312 0.034375 0.028125
0 0.525000 0.349219 0.040625 0.029687
0 0.535156 0.379688 0.042188 0.028125
0 0.547656 0.408594 0.042188 0.026562
0 0.557813 0.437500 0.043750 0.028125
0 0.567969 0.465625 0.045312 0.028125
0 0.581250 0.496875 0.043750 0.028125
0 0.598437 0.551562 0.046875 0.028125
0 0.587500 0.525000 0.040625 0.021875
0 0.608594 0.583594 0.045312 0.029687
0 0.360938 0.012500 0.034375 0.021875
0 0.371875 0.037500 0.034375 0.025000
0 0.382031 0.066406 0.035937 0.029687
0 0.394531 0.097656 0.039062 0.029687
0 0.401562 0.128906 0.034375 0.029687
0 0.415625 0.158594 0.040625 0.026562
0 0.421094 0.187500 0.045312 0.028125
0 0.436719 0.215625 0.042188 0.025000
0 0.442969 0.242969 0.039062 0.026562
0 0.464062 0.301563 0.037500 0.028125
0 0.478125 0.335938 0.040625 0.034375
0 0.453125 0.271875 0.037500 0.028125
0 0.485938 0.367188 0.037500 0.025000
0 0.499219 0.399219 0.045312 0.032813
0 0.510156 0.427344 0.035937 0.020313
0 0.518750 0.454688 0.046875 0.028125
0 0.530469 0.487500 0.051562 0.031250
0 0.538281 0.515625 0.054688 0.025000
0 0.551562 0.545312 0.043750 0.028125
0 0.558594 0.575781 0.042188 0.032813
0 0.321094 0.013281 0.039062 0.023438
0 0.334375 0.040625 0.037500 0.025000
0 0.354687 0.103906 0.037500 0.032813
0 0.344531 0.071094 0.035937 0.029687
0 0.368750 0.132031 0.021875 0.017188
0 0.377344 0.155469 0.032813 0.026562
0 0.385937 0.182812 0.025000 0.021875
0 0.401562 0.242188 0.037500 0.031250
0 0.397656 0.210156 0.032813 0.032813
0 0.414062 0.273438 0.034375 0.028125
0 0.426563 0.303906 0.034375 0.026562
0 0.448437 0.367969 0.037500 0.032813
0 0.438281 0.335938 0.035937 0.028125
0 0.467969 0.434375 0.042188 0.028125
0 0.457031 0.403125 0.035937 0.031250
0 0.479687 0.465625 0.028125 0.028125
0 0.489063 0.496875 0.031250 0.028125
0 0.501563 0.527344 0.037500 0.029687
0 0.512500 0.556250 0.040625 0.025000
0 0.520312 0.581250 0.031250 0.025000
0 0.279687 0.012500 0.037500 0.021875
0 0.290625 0.039844 0.043750 0.029687
0 0.300000 0.074219 0.043750 0.029687
0 0.310156 0.103125 0.035937 0.025000
0 0.317188 0.131250 0.040625 0.025000
0 0.327344 0.153906 0.029687 0.020313
0 0.339844 0.178906 0.035937 0.023438
0 0.352344 0.204687 0.035937 0.025000
0 0.361719 0.241406 0.039062 0.032813
0 0.379688 0.297656 0.031250 0.026562
0 0.388281 0.327344 0.042188 0.026562
0 0.397656 0.359375 0.042188 0.031250
0 0.424219 0.426563 0.039062 0.034375
0 0.412500 0.393750 0.043750 0.031250
0 0.402344 0.386719 0.020313 0.017188
0 0.439063 0.457031 0.043750 0.026562
0 0.450000 0.489063 0.040625 0.031250
0 0.458594 0.522656 0.045312 0.029687
0 0.470313 0.552344 0.043750 0.029687
0 0.480469 0.582031 0.048438 0.029687
0 0.246094 0.039062 0.039062 0.031250
0 0.238281 0.011719 0.039062 0.020313
0 0.254688 0.071094 0.040625 0.026562
0 0.270313 0.100781 0.040625 0.026562
0 0.291406 0.159375 0.035937 0.031250
0 0.276562 0.130469 0.034375 0.023438
0 0.304688 0.191406 0.043750 0.026562
0 0.316406 0.221094 0.042188 0.029687
0 0.325000 0.250781 0.037500 0.023438
0 0.375000 0.271875 0.040625 0.021875
0 0.335156 0.280469 0.039062 0.026562
0 0.347656 0.311719 0.032813 0.029687
0 0.355469 0.338281 0.020313 0.023438
0 0.363281 0.364063 0.029687 0.025000
0 0.372656 0.391406 0.029687 0.023438
0 0.386719 0.418750 0.032813 0.028125
0 0.396094 0.449219 0.035937 0.026562
0 0.409375 0.478906 0.037500 0.029687
0 0.413281 0.507812 0.032813 0.028125
0 0.421875 0.538281 0.031250 0.026562
0 0.445312 0.589844 0.028125 0.023438
0 0.436719 0.565625 0.026562 0.021875
0 0.197656 0.015625 0.035937 0.028125
0 0.209375 0.045312 0.034375 0.028125
0 0.216406 0.076563 0.042188 0.028125
0 0.232031 0.107031 0.039062 0.026562
0 0.239844 0.135156 0.035937 0.026562
0 0.250781 0.163281 0.035937 0.026562
0 0.259375 0.192969 0.043750 0.029687
0 0.271094 0.226562 0.042188 0.031250
0 0.281250 0.257031 0.043750 0.023438
0 0.293750 0.285156 0.040625 0.026562
0 0.310937 0.317188 0.037500 0.028125
0 0.319531 0.349219 0.045312 0.029687
0 0.330469 0.380469 0.039062 0.029687
0 0.341406 0.410938 0.039062 0.028125
0 0.349219 0.441406 0.039062 0.029687
0 0.364063 0.471875 0.034375 0.028125
0 0.372656 0.497656 0.035937 0.023438
0 0.382031 0.525000 0.029687 0.021875
0 0.388281 0.552344 0.039062 0.029687
0 0.400781 0.580469 0.045312 0.023438
0 0.409375 0.607812 0.034375 0.028125
0 0.165625 0.039844 0.040625 0.026562
0 0.157031 0.014063 0.039062 0.025000
0 0.146875 0.008594 0.025000 0.010937
0 0.176563 0.065625 0.034375 0.021875
0 0.171875 0.063281 0.018750 0.017188
0 0.195312 0.124219 0.034375 0.029687
0 0.209375 0.154688 0.040625 0.025000
0 0.215625 0.182812 0.037500 0.028125
0 0.186719 0.092188 0.042188 0.025000
0 0.228125 0.213281 0.034375 0.029687
0 0.239063 0.245312 0.037500 0.028125
0 0.249219 0.274219 0.032813 0.026562
0 0.264844 0.305469 0.045312 0.029687
0 0.273438 0.335938 0.034375 0.021875
0 0.282813 0.364844 0.037500 0.035937
0 0.300000 0.401562 0.043750 0.034375
0 0.310156 0.436719 0.039062 0.029687
0 0.319531 0.471875 0.039062 0.034375
0 0.331250 0.507031 0.043750 0.029687
0 0.342969 0.536719 0.045312 0.029687
0 0.348438 0.567969 0.043750 0.032813
0 0.361719 0.600000 0.051562 0.025000
0 0.120313 0.011719 0.025000 0.020313
0 0.128125 0.038281 0.031250 0.026562
0 0.136719 0.071094 0.045312 0.032813
0 0.153906 0.128906 0.039062 0.026562
0 0.146875 0.103906 0.034375 0.023438
0 0.167187 0.160938 0.037500 0.028125
0 0.175000 0.187500 0.040625 0.025000
0 0.199219 0.243750 0.039062 0.028125
0 0.187500 0.215625 0.040625 0.028125
0 0.210156 0.274219 0.039062 0.026562
0 0.221875 0.302344 0.037500 0.023438
0 0.232031 0.333594 0.039062 0.032813
0 0.246094 0.364844 0.035937 0.023438
0 0.255469 0.396094 0.042188 0.035937
0 0.272656 0.460938 0.042188 0.034375
0 0.264062 0.429688 0.040625 0.028125
0 0.283594 0.494531 0.035937 0.029687
0 0.295312 0.527344 0.037500 0.032813
0 0.303906 0.560156 0.035937 0.026562
0 0.311719 0.591406 0.035937 0.029687
0 0.082031 0.015625 0.045312 0.028125
0 0.090625 0.046094 0.037500 0.026562
0 0.099219 0.075781 0.029687 0.026562
0 0.110937 0.104688 0.040625 0.028125
0 0.117188 0.135937 0.037500 0.034375
0 0.132812 0.174219 0.037500 0.039062
0 0.142187 0.210156 0.034375 0.026562
0 0.157031 0.242969 0.039062 0.032813
0 0.167969 0.275781 0.042188 0.032813
0 0.182031 0.307812 0.039062 0.025000
0 0.188281 0.337500 0.042188 0.034375
0 0.204687 0.374219 0.040625 0.035937
0 0.213281 0.409375 0.039062 0.028125
0 0.225000 0.446094 0.043750 0.035937
0 0.235156 0.474219 0.026562 0.014063
0 0.242188 0.503906 0.043750 0.032813
0 0.251563 0.536719 0.043750 0.026562
0 0.261719 0.562500 0.039062 0.021875
0 0.040625 0.018750 -0.040625 -0.034375
0 0.050000 0.053125 0.034375 0.031250
0 0.057813 0.086719 0.037500 0.029687
0 0.050000 0.079687 0.015625 0.015625
0 0.080469 0.155469 0.051562 0.032813
0 0.070312 0.121094 0.040625 0.035937
0 0.103906 0.225000 0.039062 0.037500
0 0.091406 0.189062 0.042188 0.028125
0 0.117969 0.259375 0.035937 0.028125
0 0.126562 0.291406 0.040625 0.032813
0 0.136719 0.326562 0.039062 0.031250
0 0.153125 0.360938 0.043750 0.031250
0 0.163281 0.393750 0.042188 0.037500
0 0.177344 0.428906 0.045312 0.032813
0 0.185156 0.462500 0.035937 0.031250
0 0.196875 0.495312 0.043750 0.028125
0 0.204687 0.526563 0.040625 0.031250
0 0.011719 0.023438 -0.023438 -0.037500
0 0.014844 0.057031 -0.029687 -0.026562
0 0.018750 0.089844 -0.034375 -0.032813
0 0.025781 0.125781 -0.039062 -0.032813
0 0.033594 0.160156 0.035937 0.029687
0 0.044531 0.192969 0.039062 0.032813
0 0.058594 0.228125 0.039062 0.031250
0 0.074219 0.263281 0.048438 0.032813
0 0.082031 0.300000 0.042188 0.031250
0 0.096094 0.334375 0.039062 0.031250
0 0.107031 0.369531 0.042188 0.032813
0 0.130469 0.435937 0.045312 0.031250
0 0.119531 0.404687 0.045312 0.031250
0 0.154688 0.499219 0.034375 0.029687
0 0.144531 0.467187 0.042188 0.031250
0 0.166406 0.529687 0.032813 0.025000
0 0.214844 0.561719 0.042188 0.032813
0 0.271094 0.592969 0.045312 0.035937
0 0.224219 0.594531 0.042188 0.032813
0 0.172656 0.560937 0.032813 0.028125
0 0.182812 0.593750 0.034375 0.034375
0 0.011719 0.168750 -0.017188 -0.050000
0 0.019531 0.216406 -0.035937 -0.039062
0 0.024219 0.254688 0.039062 0.028125
0 0.033594 0.288281 0.039062 0.029687
0 0.046094 0.321875 0.035937 0.031250
0 0.057813 0.353125 0.034375 0.025000
0 0.069531 0.382031 0.026562 0.026562
0 0.080469 0.414062 0.032813 0.031250
0 0.093750 0.446094 0.034375 0.026562
0 0.104688 0.473438 0.031250 0.028125
0 0.119531 0.503906 0.032813 0.026562
0 0.131250 0.539844 0.040625 0.045312
0 0.146875 0.600781 0.034375 0.029687
0 0.142969 0.574219 0.032813 0.020313
0 0.011719 0.296094 -0.020313 -0.039062
0 0.014063 0.329688 -0.025000 -0.025000
0 0.024219 0.358594 0.029687 0.023438
0 0.047656 0.423438 0.035937 0.031250
0 0.059375 0.457031 0.034375 0.029687
0 0.034375 0.389844 0.037500 0.035937
0 0.070312 0.481250 0.034375 0.012500
0 0.077344 0.505469 0.045312 0.035937
0 0.087500 0.538281 0.037500 0.026562
0 0.103125 0.566406 0.031250 0.023438
0 0.107813 0.596094 0.040625 0.035937
0 0.009375 0.389062 -0.015625 -0.037500
0 0.013281 0.428125 -0.023438 -0.040625
0 0.017969 0.467187 -0.032813 -0.034375
0 0.024219 0.499219 0.035937 0.026562
0 0.035937 0.528125 0.040625 0.028125
0 0.049219 0.560937 0.042188 0.034375
0 0.060156 0.595313 0.042188 0.025000
0 0.074219 0.624219 0.045312 0.032813
0 0.081250 0.654687 0.040625 0.025000
0 0.093750 0.681250 0.040625 0.034375
0 0.106250 0.715625 0.043750 0.037500
0 0.117188 0.751563 0.040625 0.031250
0 0.128906 0.785156 0.039062 0.026562
0 0.159375 0.850000 0.034375 0.028125
0 0.173437 0.882812 0.040625 0.031250
0 0.146094 0.816406 0.039062 0.035937
0 0.185156 0.914844 0.039062 0.029687
0 0.201563 0.945312 0.037500 0.028125
0 0.214062 0.979688 0.043750 0.034375
0 0.011719 0.538281 -0.023438 -0.048438
0 0.019531 0.584375 -0.035937 -0.043750
0 0.027344 0.621094 0.042188 0.026562
0 0.039844 0.653125 0.045312 0.028125
0 0.027344 0.648438 0.023438 0.025000
0 0.064844 0.717187 0.032813 0.034375
0 0.053125 0.682813 0.037500 0.031250
0 0.078906 0.751563 0.029687 0.031250
0 0.091406 0.782813 0.032813 0.025000
0 0.121094 0.846875 0.035937 0.034375
0 0.107813 0.814063 0.034375 0.031250
0 0.129688 0.882812 0.043750 0.028125
0 0.156250 0.947656 0.046875 0.029687
0 0.143750 0.914844 0.040625 0.032813
0 0.167187 0.980469 0.046875 0.032813
0 0.010937 0.652344 -0.018750 -0.029687
0 0.015625 0.685156 -0.031250 -0.032813
0 0.028906 0.719531 0.039062 0.029687
0 0.043750 0.753125 0.037500 0.031250
0 0.055469 0.785937 0.035937 0.028125
0 0.049219 0.782031 0.023438 0.020313
0 0.082031 0.851562 0.045312 0.028125
0 0.067969 0.820312 0.042188 0.028125
0 0.087500 0.878906 0.034375 0.023438
0 0.103125 0.906250 0.037500 0.028125
0 0.110937 0.936719 0.043750 0.023438
0 0.125000 0.986719 0.034375 0.020313
0 0.119531 0.964063 0.039062 0.025000
0 0.019531 0.783594 -0.032813 -0.029687
0 0.012500 0.742188 -0.018750 -0.056250
0 0.032031 0.819531 0.035937 0.035937
0 0.060937 0.885938 0.034375 0.025000
0 0.039062 0.855469 0.037500 0.032813
0 0.071094 0.933594 0.032813 0.026562
0 0.067187 0.909375 0.031250 0.018750
0 0.084375 0.957031 0.028125 0.017188
0 0.089844 0.981250 0.029687 0.031250
0 0.009375 0.825781 -0.012500 -0.048438
0 0.015625 0.867188 -0.028125 -0.031250
0 0.021875 0.900000 -0.040625 -0.031250
0 0.031250 0.928906 0.043750 0.023438
0 0.050000 0.943750 -0.012500 -0.006250
0 0.039062 0.954688 0.046875 0.028125
0 0.052344 0.982812 0.045312 0.028125
0 0.014063 0.952344 -0.025000 -0.051562
0 0.017969 0.985938 0.026562 0.021875
0 0.116406 0.628906 0.035937 0.029687
0 0.128906 0.664844 0.042188 0.032813
0 0.153906 0.732031 0.045312 0.039062
0 0.169531 0.767969 0.048438 0.029687
0 0.142187 0.696875 0.050000 0.028125
0 0.192969 0.826562 0.045312 0.031250
0 0.181250 0.797656 0.043750 0.023438
0 0.207813 0.858594 0.050000 0.029687
0 0.216406 0.889844 0.035937 0.029687
0 0.227344 0.924219 0.045312 0.032813
0 0.251563 0.974219 0.028125 0.026562
0 0.257812 0.989844 0.031250 0.014063
0 0.243750 0.950781 -0.034375 -0.017188
0 0.157812 0.632031 0.040625 0.026562
0 0.179688 0.689844 0.037500 0.023438
0 0.171094 0.662500 0.035937 0.028125
0 0.192969 0.716406 0.032813 0.026562
0 0.218750 0.775000 0.031250 0.025000
0 0.206250 0.746875 0.034375 0.028125
0 0.231250 0.802344 0.031250 0.029687
0 0.242188 0.834375 0.040625 0.025000
0 0.251563 0.863281 0.031250 0.029687
0 0.258594 0.895312 0.042188 0.028125
0 0.271094 0.925781 0.035937 0.032813
0 0.279687 0.954688 0.034375 0.025000
0 0.289844 0.978906 0.039062 0.017188
0 0.300000 0.992969 0.043750 0.010937
0 0.207813 0.658594 0.040625 0.032813
0 0.220312 0.693750 0.043750 0.031250
0 0.196094 0.626563 0.048438 0.025000
0 0.230469 0.725000 0.039062 0.028125
0 0.245312 0.755469 0.037500 0.029687
0 0.268750 0.815625 0.040625 0.028125
0 0.259375 0.786719 0.037500 0.026562
0 0.281250 0.844531 0.034375 0.026562
0 0.290625 0.871094 0.046875 0.029687
0 0.310156 0.921094 0.045312 0.032813
0 0.307031 0.895312 0.042188 0.015625
0 0.321094 0.947656 0.039062 0.014063
0 0.336719 0.988281 0.039062 0.017188
0 0.327344 0.967969 0.039062 0.020313
0 0.235156 0.625781 0.035937 0.020313
0 0.246875 0.651563 0.037500 0.025000
0 0.255469 0.678906 0.042188 0.023438
0 0.263281 0.706250 0.039062 0.028125
0 0.275781 0.733594 0.045312 0.023438
0 0.289062 0.759375 0.043750 0.028125
0 0.300781 0.789844 0.042188 0.026562
0 0.324219 0.851562 0.042188 0.025000
0 0.314063 0.821875 0.043750 0.031250
0 0.336719 0.878125 0.035937 0.021875
0 0.348438 0.902344 0.028125 0.020313
0 0.353906 0.927344 0.035937 0.026562
0 0.361719 0.951562 0.029687 0.015625
0 0.367969 0.972656 0.039062 0.020313
0 0.378125 0.990625 0.037500 0.015625
0 0.281250 0.628125 0.053125 0.031250
0 0.292969 0.657031 0.045312 0.023438
0 0.298438 0.683594 0.040625 0.029687
0 0.310156 0.714063 0.048438 0.028125
0 0.324219 0.744531 0.048438 0.032813
0 0.332813 0.773438 0.034375 0.018750
0 0.357031 0.827344 0.039062 0.026562
0 0.345313 0.797656 0.040625 0.026562
0 0.367969 0.854688 0.039062 0.021875
0 0.380469 0.882031 0.048438 0.029687
0 0.385937 0.910156 0.050000 0.026562
0 0.397656 0.936719 0.045312 0.020313
0 0.407813 0.963281 0.046875 0.023438
0 0.417187 0.986719 0.043750 0.023438
0 0.325781 0.622656 0.042188 0.026562
0 0.344531 0.682031 0.048438 0.029687
0 0.338281 0.652344 0.042188 0.026562
0 0.357812 0.714063 0.037500 0.025000
0 0.364844 0.740625 0.035937 0.028125
0 0.386719 0.803125 0.042188 0.028125
0 0.375000 0.771875 0.040625 0.028125
0 0.412500 0.864844 0.034375 0.026562
0 0.400000 0.833594 0.040625 0.029687
0 0.423438 0.892969 0.037500 0.026562
0 0.431250 0.921094 0.040625 0.026562
0 0.442969 0.946875 0.039062 0.025000
0 0.453125 0.968750 0.031250 0.015625
0 0.460156 0.988281 0.035937 0.017188
0 0.381250 0.655469 0.040625 0.029687
0 0.374219 0.626563 0.048438 0.021875
0 0.391406 0.689063 0.039062 0.031250
0 0.402344 0.722656 0.048438 0.032813
0 0.417187 0.753125 0.040625 0.025000
0 0.425781 0.782813 0.042188 0.028125
0 0.436719 0.811719 0.045312 0.026562
0 0.425000 0.806250 0.018750 0.012500
0 0.451562 0.867969 0.034375 0.032813
0 0.444531 0.838281 0.039062 0.020313
0 0.463281 0.900781 0.029687 0.026562
0 0.477344 0.929688 0.032813 0.028125
0 0.470313 0.925781 0.015625 0.020313
0 0.491406 0.983594 0.035937 0.026562
0 0.486719 0.957031 0.035937 0.023438
0 0.425000 0.636719 0.040625 0.029687
0 0.428125 0.669531 0.043750 0.032813
0 0.443750 0.704688 0.043750 0.034375
0 0.457031 0.739062 0.048438 0.031250
0 0.464062 0.770312 0.043750 0.028125
0 0.474219 0.800000 0.039062 0.028125
0 0.483594 0.830469 0.042188 0.032813
0 0.492188 0.865625 0.043750 0.031250
0 0.500781 0.897656 0.048438 0.026562
0 0.513281 0.927344 0.045312 0.029687
0 0.522656 0.954688 0.029687 0.018750
0 0.533594 0.981250 0.042188 0.031250
0 0.454688 0.613281 0.034375 0.023438
0 0.464062 0.639844 0.037500 0.029687
0 0.471094 0.671094 0.039062 0.029687
0 0.487500 0.704688 0.043750 0.031250
0 0.497656 0.737500 0.042188 0.031250
0 0.510938 0.771875 0.046875 0.034375
0 0.514844 0.803125 0.039062 0.021875
0 0.528125 0.830469 0.037500 0.032813
0 0.538281 0.864844 0.039062 0.029687
0 0.550781 0.897656 0.042188 0.032813
0 0.561719 0.930469 0.039062 0.029687
0 0.573438 0.960938 0.040625 0.025000
0 0.579688 0.985938 0.046875 0.021875
0 0.493750 0.614062 0.050000 0.028125
0 0.486719 0.608594 0.032813 0.017188
0 0.505469 0.646875 0.045312 0.037500
0 0.492969 0.639844 0.020313 0.020313
0 0.532813 0.715625 0.043750 0.037500
0 0.516406 0.681250 0.045312 0.028125
0 0.539062 0.751563 0.040625 0.031250
0 0.556250 0.784375 0.037500 0.025000
0 0.561719 0.813281 0.045312 0.029687
0 0.573438 0.842187 0.046875 0.025000
0 0.582031 0.871094 0.045312 0.026562
0 0.594531 0.900000 0.039062 0.025000
0 0.597656 0.925000 0.039062 0.025000
0 0.610156 0.952344 0.039062 0.023438
0 0.617188 0.976562 0.040625 0.018750
0 0.624219 0.989844 0.042188 0.017188
0 0.535937 0.610156 0.040625 0.026562
0 0.543750 0.637500 0.040625 0.025000
0 0.552344 0.664844 0.048438 0.026562
0 0.563281 0.691406 0.029687 0.023438
0 0.576562 0.718750 0.040625 0.028125
0 0.587500 0.750000 0.043750 0.028125
0 0.597656 0.773438 0.042188 0.021875
0 0.606250 0.803125 0.043750 0.031250
0 0.615625 0.836719 0.040625 0.032813
0 0.628906 0.868750 0.042188 0.028125
0 0.634375 0.898438 0.034375 0.025000
0 0.642188 0.928906 0.043750 0.026562
0 0.646875 0.956250 0.037500 0.028125
0 0.660156 0.984375 0.035937 0.025000
0 0.573438 0.607812 0.034375 0.025000
0 0.564844 0.603906 0.020313 0.023438
0 0.596094 0.671875 0.045312 0.028125
0 0.582812 0.638281 0.040625 0.032813
0 0.609375 0.702344 0.053125 0.023438
0 0.623437 0.726562 0.043750 0.021875
0 0.632812 0.752344 0.034375 0.026562
0 0.643750 0.778125 0.037500 0.021875
0 0.649219 0.805469 0.039062 0.029687
0 0.657813 0.837500 0.034375 0.028125
0 0.671094 0.867188 0.042188 0.031250
0 0.687500 0.931250 0.037500 0.034375
0 0.678125 0.899219 0.040625 0.026562
0 0.703125 0.985156 0.053125 0.023438
0 0.696094 0.959375 0.042188 0.021875
0 0.619531 0.614062 0.057813 0.028125
0 0.632031 0.647656 0.051562 0.035937
0 0.643750 0.678906 0.046875 0.029687
0 0.666406 0.741406 0.042188 0.035937
0 0.657031 0.707031 0.045312 0.026562
0 0.680469 0.777344 0.039062 0.029687
0 0.692187 0.807813 0.046875 0.028125
0 0.705469 0.839844 0.048438 0.029687
0 0.728125 0.900781 0.053125 0.029687
0 0.717969 0.871094 0.045312 0.026562
0 0.730469 0.930469 0.042188 0.023438
0 0.737500 0.958594 0.043750 0.023438
0 0.750781 0.982812 0.045312 0.025000
0 0.663281 0.615625 0.029687 0.021875
0 0.675781 0.644531 0.032813 0.029687
0 0.698438 0.709375 0.037500 0.037500
0 0.685156 0.675781 0.035937 0.026562
0 0.712500 0.747656 0.040625 0.032813
0 0.727344 0.780469 0.048438 0.026562
0 0.735938 0.808594 0.040625 0.023438
0 0.748437 0.837500 0.034375 0.028125
0 0.755469 0.868750 0.029687 0.028125
0 0.771875 0.900000 0.028125 0.028125
0 0.771875 0.928125 0.040625 0.025000
0 0.782031 0.955469 0.039062 0.023438
0 0.793750 0.982812 0.034375 0.028125
0 0.698438 0.616406 0.034375 0.023438
0 0.714063 0.643750 0.043750 0.025000
0 0.729688 0.671875 0.050000 0.025000
0 0.740625 0.700000 0.046875 0.021875
0 0.739844 0.727344 0.035937 0.026562
0 0.767969 0.722656 0.017188 0.023438
0 0.750000 0.753906 0.031250 0.023438
0 0.762500 0.777344 0.031250 0.026562
0 0.782813 0.837500 0.031250 0.028125
0 0.774219 0.806250 0.035937 0.028125
0 0.792188 0.865625 0.037500 0.025000
0 0.808594 0.921875 0.032813 0.025000
0 0.801562 0.892969 0.034375 0.026562
0 0.818750 0.948438 0.034375 0.025000
0 0.823438 0.971094 0.034375 0.014063
0 0.832031 0.988281 0.035937 0.017188
0 0.781250 0.750781 0.028125 0.029687
0 0.809375 0.806250 0.031250 0.028125
0 0.807031 0.753125 -0.017188 -0.021875
0 0.800781 0.778125 0.039062 0.018750
0 0.819531 0.832812 0.039062 0.018750
0 0.838281 0.885156 0.039062 0.023438
0 0.846875 0.911719 0.040625 0.023438
0 0.858594 0.963281 0.035937 0.023438
0 0.855469 0.938281 0.039062 0.020313
0 0.829688 0.857031 0.031250 0.023438
0 0.871094 0.986719 0.035937 0.020313
0 0.903906 0.985156 0.032813 0.023438
0 0.896875 0.964844 0.031250 0.010937
0 0.941406 0.971094 0.042188 0.010937
0 0.945312 0.986719 0.043750 0.017188
