0 0.989062 0.011719 0.018750 0.020313
0 0.992188 0.035156 0.012500 0.020313
0 0.966406 0.010156 0.014063 0.014063
0 0.017969 0.664062 0.032813 0.031250
0 0.014063 0.632812 0.028125 0.031250
0 0.007031 0.599219 0.010937 0.035937
0 0.049219 0.646875 0.035937 0.031250
0 0.024219 0.587500 0.029687 0.021875
0 0.033594 0.615625 0.032813 0.028125
0 0.016406 0.562500 0.032813 0.025000
0 0.012500 0.535156 0.025000 0.029687
0 0.009375 0.507031 0.018750 0.026562
0 0.010156 0.489063 0.020313 0.025000
0 0.082031 0.632031 0.029687 0.017188
0 0.071094 0.610938 0.042188 0.025000
0 0.064062 0.585156 0.046875 0.029687
0 0.058594 0.560156 0.042188 0.023438
0 0.047656 0.534375 0.039062 0.021875
0 0.032031 0.478125 0.032813 0.021875
0 0.040625 0.506250 0.034375 0.031250
0 0.023438 0.449219 0.043750 0.032813
0 0.020313 0.414062 0.040625 0.034375
0 0.015625 0.381250 0.025000 0.031250
0 0.010156 0.351562 0.020313 0.028125
0 0.010156 0.325000 0.017188 0.028125
0 0.115625 0.614844 0.034375 0.023438
0 0.107813 0.592969 0.043750 0.023438
0 0.103125 0.567969 0.040625 0.029687
0 0.095312 0.541406 0.046875 0.026562
0 0.082031 0.514062 0.039062 0.028125
0 0.074219 0.485156 0.045312 0.032813
0 0.067187 0.453125 0.040625 0.031250
0 0.052344 0.393750 0.029687 0.028125
0 0.062500 0.423438 0.037500 0.028125
0 0.044531 0.368750 0.035937 0.021875
0 0.030469 0.321094 0.032813 0.029687
0 0.037500 0.347656 0.034375 0.023438
0 0.021875 0.296094 0.037500 0.017188
0 0.017188 0.277344 0.034375 0.026562
0 0.014063 0.255469 0.021875 0.023438
0 0.010937 0.232031 0.015625 0.023438
0 0.008594 0.207031 0.014063 0.023438
0 0.007812 0.185938 0.010000 0.015625
0 0.154688 0.606250 0.043750 0.018750
0 0.150781 0.584375 0.048438 0.028125
0 0.143750 0.558594 0.043750 0.023438
0 0.134375 0.538281 0.037500 0.020313
0 0.125000 0.516406 0.046875 0.023438
0 0.115625 0.471094 0.043750 0.023438
0 0.120313 0.496094 0.050000 0.023438
0 0.101562 0.423438 0.043750 0.025000
0 0.111719 0.448437 0.042188 0.021875
0 0.090625 0.399219 0.043750 0.026562
0 0.084375 0.374219 0.037500 0.023438
0 0.074219 0.350000 0.039062 0.028125
0 0.064062 0.322656 0.037500 0.023438
0 0.060937 0.302344 0.037500 0.026562
0 0.057031 0.278125 0.039062 0.025000
0 0.046094 0.255469 0.042188 0.026562
0 0.039844 0.233594 0.029687 0.020313
0 0.040625 0.213281 0.025000 0.017188
0 0.025781 0.190625 0.042188 0.031250
0 0.017969 0.161719 0.026562 0.029687
0 0.191406 0.582031 0.032813 0.032813
0 0.183594 0.558594 0.042188 0.017188
0 0.175000 0.536719 0.046875 0.023438
0 0.167187 0.515625 0.034375 0.018750
0 0.166406 0.494531 0.039062 0.026562
0 0.157031 0.468750 0.042188 0.028125
0 0.142187 0.421875 0.040625 0.028125
0 0.151562 0.446094 0.034375 0.020313
0 0.130469 0.397656 0.042188 0.020313
0 0.123438 0.373437 0.043750 0.025000
0 0.116406 0.351562 0.045312 0.025000
0 0.103125 0.304688 0.043750 0.021875
0 0.108594 0.328125 0.042188 0.021875
0 0.097656 0.281250 0.039062 0.025000
0 0.083594 0.238281 0.048438 0.026562
0 0.093750 0.261719 0.037500 0.017188
0 0.067969 0.185156 0.045312 0.023438
0 0.076563 0.213281 0.043750 0.026562
0 0.055469 0.157031 0.048438 0.029687
0 0.057031 0.133594 0.026562 0.020313
0 0.020313 0.125781 0.031250 0.029687
0 0.037500 0.082031 0.040625 0.032813
0 0.044531 0.110937 0.039062 0.025000
0 0.010937 0.092188 0.015625 0.037500
0 0.025000 0.049219 0.043750 0.029687
0 0.017969 0.019531 0.032813 0.032813
0 0.206250 0.530469 0.037500 0.026562
0 0.201563 0.503906 0.040625 0.026562
0 0.194531 0.479687 0.035937 0.028125
0 0.182031 0.423438 0.039062 0.034375
0 0.189844 0.454688 0.035937 0.028125
0 0.174219 0.391406 0.045312 0.029687
0 0.165625 0.362500 0.037500 0.028125
0 0.157031 0.336719 0.042188 0.029687
0 0.141406 0.310156 0.035937 0.029687
0 0.133594 0.282031 0.035937 0.029687
0 0.123438 0.250781 0.034375 0.032813
0 0.114844 0.220312 0.035937 0.031250
0 0.110156 0.194531 0.035937 0.029687
0 0.098437 0.166406 0.034375 0.026562
0 0.087500 0.142187 0.028125 0.025000
0 0.080469 0.117188 0.026562 0.028125
0 0.075781 0.085938 0.029687 0.031250
0 0.068750 0.057031 0.040625 0.026562
0 0.059375 0.035937 0.031250 0.015625
0 0.054688 0.017188 0.037500 0.028125
0 0.248438 0.529687 0.043750 0.034375
0 0.236719 0.499219 0.032813 0.023438
0 0.225000 0.474219 0.034375 0.023438
0 0.223438 0.453906 0.034375 0.023438
0 0.213281 0.428906 0.029687 0.026562
0 0.208594 0.406250 0.023438 0.018750
0 0.206250 0.388281 0.015625 0.023438
0 0.195312 0.367969 0.021875 0.023438
0 0.188281 0.341406 0.026562 0.026562
0 0.175000 0.311719 0.034375 0.029687
0 0.164062 0.287500 0.025000 0.021875
0 0.150781 0.245312 0.020313 0.021875
0 0.139844 0.224219 0.023438 0.020313
0 0.281250 0.512500 0.034375 0.040625
0 0.267969 0.485156 0.045312 0.017188
0 0.265625 0.471094 0.028125 0.010937
0 0.259375 0.453125 0.034375 0.025000
0 0.248438 0.429688 0.040625 0.025000
0 0.235156 0.385937 0.039062 0.021875
0 0.240625 0.407813 0.040625 0.018750
0 0.225000 0.363281 0.040625 0.020313
0 0.222656 0.340625 0.039062 0.025000
0 0.213281 0.312500 0.051562 0.034375
0 0.192188 0.285156 0.037500 0.023438
0 0.178906 0.260937 0.039062 0.028125
0 0.171875 0.237500 0.025000 0.018750
0 0.165625 0.218750 0.031250 0.015625
0 0.150781 0.197656 0.045312 0.026562
0 0.140625 0.174219 0.034375 0.017188
0 0.125000 0.154688 0.034375 0.025000
0 0.107813 0.110937 0.031250 0.021875
0 0.110937 0.132031 0.028125 0.017188
0 0.108594 0.085938 0.026562 0.028125
0 0.215625 0.278906 0.015625 0.014063
0 0.207031 0.260156 0.017188 0.020313
0 0.201563 0.238281 0.034375 0.023438
0 0.194531 0.214844 0.032813 0.020313
0 0.183594 0.191406 0.026562 0.026562
0 0.153906 0.143750 0.035937 0.018750
0 0.145313 0.125000 0.046875 0.025000
0 0.170313 0.164844 0.040625 0.026562
0 0.139844 0.102344 0.029687 0.026562
0 0.134375 0.079687 0.021875 0.015625
0 0.112500 0.060156 0.037500 0.023438
0 0.096094 0.037500 0.035937 0.021875
0 0.092188 0.015625 0.034375 0.025000
0 0.121094 0.013281 0.026562 0.023438
0 0.131250 0.035156 0.031250 0.023438
0 0.159375 0.083594 0.021875 0.014063
0 0.150000 0.064844 0.025000 0.029687
0 0.168750 0.103906 0.021875 0.020313
0 0.178906 0.132031 0.023438 0.035937
0 0.315625 0.496094 0.043750 0.026562
0 0.305469 0.471094 0.045312 0.026562
0 0.296094 0.446875 0.039062 0.018750
0 0.291406 0.427344 0.045312 0.023438
0 0.278906 0.379688 0.048438 0.028125
0 0.284375 0.405469 0.040625 0.020313
0 0.264062 0.333594 0.037500 0.026562
0 0.266406 0.358594 0.039062 0.020313
0 0.257031 0.310937 0.042188 0.021875
0 0.244531 0.285156 0.039062 0.023438
0 0.239844 0.259375 0.042188 0.021875
0 0.235156 0.236719 0.042188 0.023438
0 0.229687 0.214062 0.040625 0.025000
0 0.218750 0.187500 0.046875 0.025000
0 0.216406 0.162500 0.039062 0.025000
0 0.207813 0.137500 0.028125 0.028125
0 0.200000 0.107813 0.034375 0.034375
0 0.188281 0.079687 0.045312 0.028125
0 0.179688 0.056250 0.043750 0.021875
0 0.171875 0.034375 0.050000 0.025000
0 0.160156 0.011719 0.054688 0.023438
0 0.356250 0.492188 0.034375 0.028125
0 0.346094 0.466406 0.039062 0.020313
0 0.334375 0.443750 0.046875 0.025000
0 0.330469 0.420312 0.048438 0.025000
0 0.327344 0.397656 0.042188 0.026562
0 0.314844 0.353125 0.045312 0.025000
0 0.321875 0.376563 0.037500 0.018750
0 0.295312 0.302344 0.040625 0.023438
0 0.304688 0.327344 0.040625 0.026562
0 0.284375 0.278125 0.046875 0.025000
0 0.278906 0.257812 0.035937 0.021875
0 0.274219 0.236719 0.032813 0.026562
0 0.260156 0.190625 0.039062 0.028125
0 0.270313 0.214844 0.034375 0.017188
0 0.242188 0.135937 0.043750 0.028125
0 0.252344 0.164844 0.032813 0.023438
0 0.230469 0.085156 0.032813 0.023438
0 0.233594 0.110156 0.032813 0.023438
0 0.220312 0.062500 0.034375 0.021875
0 0.214062 0.038281 0.034375 0.026562
0 0.205469 0.014063 0.029687 0.025000
0 0.397656 0.478125 0.039062 0.015625
0 0.382812 0.462500 0.037500 0.018750
0 0.376563 0.441406 0.031250 0.023438
0 0.373437 0.417187 0.037500 0.028125
0 0.362500 0.391406 0.037500 0.026562
0 0.359375 0.364063 0.037500 0.028125
0 0.357812 0.367969 0.031250 0.020313
0 0.337500 0.308594 0.037500 0.026562
0 0.349219 0.336719 0.039062 0.029687
0 0.329688 0.282031 0.037500 0.026562
0 0.321094 0.259375 0.042188 0.028125
0 0.320312 0.236719 0.034375 0.026562
0 0.428125 0.457031 0.037500 0.029687
0 0.416406 0.433594 0.048438 0.020313
0 0.407813 0.410156 0.031250 0.023438
0 0.402344 0.385156 0.035937 0.029687
0 0.392188 0.359375 0.025000 0.021875
0 0.384375 0.337500 0.021875 0.021875
0 0.376563 0.312500 0.034375 0.028125
0 0.361719 0.289062 0.029687 0.025000
0 0.354687 0.262500 0.028125 0.025000
0 0.350781 0.235156 0.026562 0.026562
0 0.309375 0.206250 0.043750 0.028125
0 0.298438 0.178125 0.046875 0.028125
0 0.286719 0.154688 0.039062 0.015625
0 0.282813 0.135156 0.037500 0.023438
0 0.266406 0.088281 0.032813 0.026562
0 0.269531 0.112500 0.035937 0.025000
0 0.258594 0.064844 0.039062 0.020313
0 0.249219 0.040625 0.042188 0.031250
0 0.243750 0.014844 0.040625 0.023438
0 0.289062 0.012500 0.043750 0.025000
0 0.297656 0.040625 0.048438 0.031250
0 0.305469 0.069531 0.042188 0.029687
0 0.293750 0.095312 0.018750 0.018750
0 0.299219 0.116406 0.026562 0.020313
0 0.314844 0.141406 0.026562 0.026562
0 0.329688 0.181250 0.012500 0.021875
0 0.339062 0.206250 0.015625 0.021875
0 0.324219 0.099219 0.039062 0.023438
0 0.329688 0.122656 0.031250 0.023438
0 0.340625 0.146094 0.018750 0.017188
0 0.347656 0.167187 0.032813 0.018750
0 0.360938 0.191406 0.040625 0.023438
0 0.371094 0.217969 0.042188 0.026562
0 0.380469 0.244531 0.029687 0.020313
0 0.395313 0.268750 0.043750 0.025000
0 0.403125 0.294531 0.046875 0.020313
0 0.416406 0.316406 0.039062 0.020313
0 0.425000 0.340625 0.046875 0.025000
0 0.428125 0.367188 0.040625 0.025000
0 0.437500 0.395313 0.031250 0.025000
0 0.445312 0.420312 0.040625 0.021875
0 0.459375 0.446875 0.028125 0.025000
0 0.334375 0.013281 0.040625 0.026562
0 0.339062 0.035156 0.037500 0.026562
0 0.345313 0.065625 0.037500 0.028125
0 0.353906 0.092188 0.026562 0.028125
0 0.363281 0.120313 0.026562 0.021875
0 0.362500 0.142969 0.028125 0.023438
0 0.376563 0.164062 0.028125 0.018750
0 0.394531 0.186719 0.023438 0.023438
0 0.402344 0.214062 0.017188 0.025000
0 0.487500 0.425000 0.040625 0.034375
0 0.481250 0.396094 0.050000 0.023438
0 0.473438 0.372656 0.046875 0.023438
0 0.468750 0.350000 0.034375 0.021875
0 0.463281 0.333594 0.029687 0.014063
0 0.453125 0.318750 0.034375 0.018750
0 0.443750 0.300781 0.043750 0.023438
0 0.431250 0.262500 0.037500 0.015625
0 0.438281 0.280469 0.029687 0.017188
0 0.427344 0.218750 0.029687 0.031250
0 0.418750 0.242188 0.043750 0.028125
0 0.418750 0.189844 0.021875 0.023438
0 0.371875 0.013281 0.031250 0.026562
0 0.385156 0.071094 0.042188 0.023438
0 0.388281 0.096094 0.039062 0.026562
0 0.394531 0.122656 0.026562 0.026562
0 0.397656 0.148438 0.035937 0.021875
0 0.408594 0.170313 0.023438 0.021875
0 0.532031 0.421094 0.026562 0.023438
0 0.527344 0.396875 0.042188 0.025000
0 0.520312 0.373437 0.043750 0.021875
0 0.514062 0.354687 0.053125 0.021875
0 0.502344 0.331250 0.048438 0.025000
0 0.487500 0.309375 0.034375 0.018750
0 0.484375 0.291406 0.037500 0.020313
0 0.475781 0.269531 0.048438 0.023438
0 0.468750 0.246094 0.059375 0.029687
0 0.451562 0.197656 0.037500 0.023438
0 0.464062 0.219531 0.040625 0.023438
0 0.468750 0.224219 0.025000 0.014063
0 0.440625 0.146875 0.043750 0.021875
0 0.439063 0.171094 0.037500 0.026562
0 0.434375 0.123438 0.040625 0.025000
0 0.428906 0.100000 0.035937 0.028125
0 0.417187 0.074219 0.021875 0.023438
0 0.415625 0.056250 0.025000 0.018750
0 0.380469 0.042969 0.042188 0.026562
0 0.408594 0.014063 0.029687 0.028125
0 0.445312 0.015625 0.037500 0.025000
0 0.449219 0.042188 0.032813 0.021875
0 0.415625 0.039062 0.028125 0.018750
0 0.452344 0.071875 0.039062 0.034375
0 0.464062 0.103906 0.037500 0.032813
0 0.474219 0.135156 0.039062 0.029687
0 0.484375 0.167969 0.040625 0.035937
0 0.492188 0.200781 0.037500 0.026562
0 0.501563 0.228906 0.028125 0.023438
0 0.510938 0.251563 0.028125 0.025000
0 0.517188 0.276562 0.034375 0.031250
0 0.528906 0.309375 0.039062 0.025000
0 0.541406 0.331250 0.023438 0.018750
0 0.553125 0.355469 0.025000 0.026562
0 0.557813 0.389844 0.025000 0.039062
0 0.478906 0.013281 0.029687 0.026562
0 0.485156 0.042969 0.032813 0.026562
0 0.491406 0.071094 0.039062 0.029687
0 0.504687 0.102344 0.037500 0.026562
0 0.509375 0.132812 0.025000 0.021875
0 0.517969 0.159375 0.023438 0.025000
0 0.523438 0.187500 0.028125 0.021875
0 0.528906 0.212500 0.029687 0.025000
0 0.535156 0.239063 0.032813 0.025000
0 0.555469 0.289844 0.026562 0.023438
0 0.546875 0.267188 0.028125 0.025000
0 0.565625 0.316406 0.028125 0.026562
0 0.573438 0.342969 0.037500 0.026562
0 0.516406 0.014844 0.035937 0.029687
0 0.519531 0.046094 0.035937 0.026562
0 0.529687 0.075000 0.037500 0.028125
0 0.539844 0.103906 0.032813 0.026562
0 0.543750 0.130469 0.040625 0.029687
0 0.549219 0.160156 0.042188 0.029687
0 0.569531 0.217188 0.045312 0.028125
0 0.560937 0.191406 0.043750 0.023438
0 0.580469 0.274219 0.042188 0.023438
0 0.575781 0.245312 0.048438 0.028125
0 0.590625 0.297656 0.040625 0.023438
0 0.603125 0.324219 0.040625 0.023438
0 0.591406 0.374219 0.039062 0.032813
0 0.616406 0.353125 0.042188 0.034375
0 0.557031 0.007812 0.035937 0.015625
0 0.561719 0.029687 0.042188 0.025000
0 0.564063 0.057813 0.043750 0.025000
0 0.568750 0.085156 0.043750 0.023438
0 0.581250 0.113281 0.037500 0.026562
0 0.589063 0.142187 0.040625 0.025000
0 0.594531 0.171094 0.042188 0.026562
0 0.607812 0.200000 0.043750 0.028125
0 0.614844 0.228906 0.045312 0.029687
0 0.625781 0.259375 0.045312 0.028125
0 0.632031 0.289844 0.048438 0.032813
0 0.644531 0.319531 0.039062 0.026562
0 0.657031 0.342187 0.035937 0.021875
0 0.603906 0.051562 0.032813 0.028125
0 0.596094 0.020313 0.035937 0.037500
0 0.610938 0.085156 0.040625 0.032813
0 0.620313 0.116406 0.043750 0.029687
0 0.628125 0.144531 0.037500 0.026562
0 0.651563 0.204687 0.040625 0.028125
0 0.660156 0.234375 0.042188 0.028125
0 0.636719 0.175781 0.035937 0.029687
0 0.669531 0.264062 0.042188 0.028125
0 0.675781 0.289844 0.035937 0.020313
0 0.633594 0.013281 0.029687 0.020313
0 0.635156 0.033594 0.032813 0.020313
0 0.642188 0.057031 0.037500 0.026562
0 0.663281 0.117188 0.042188 0.034375
0 0.652344 0.084375 0.039062 0.028125
0 0.671875 0.151562 0.043750 0.031250
0 0.680469 0.183594 0.045312 0.029687
0 0.691406 0.212500 0.035937 0.028125
0 0.700781 0.242969 0.035937 0.029687
0 0.707812 0.268750 0.028125 0.021875
0 0.722656 0.299219 0.039062 0.035937
0 0.726562 0.275781 0.012500 0.014063
0 0.671875 0.016406 0.043750 0.032813
0 0.678125 0.049219 0.040625 0.032813
0 0.690625 0.103125 0.025000 0.025000
0 0.682031 0.079687 0.026562 0.025000
0 0.695312 0.134375 0.018750 0.037500
0 0.710938 0.165625 0.031250 0.025000
0 0.722656 0.192969 0.042188 0.029687
0 0.735938 0.223438 0.046875 0.031250
0 0.744531 0.253125 0.039062 0.025000
0 0.757812 0.282813 0.037500 0.028125
0 0.705469 0.082031 0.020313 0.023438
0 0.711719 0.104688 0.017188 0.025000
0 0.714063 0.132812 0.015625 0.034375
0 0.705469 0.050781 0.017188 0.039062
0 0.717969 0.015625 0.042188 0.028125
0 0.729688 0.045312 0.034375 0.031250
0 0.735156 0.075000 0.029687 0.031250
0 0.739062 0.104688 0.034375 0.025000
0 0.747656 0.134375 0.042188 0.028125
0 0.750781 0.165625 0.042188 0.031250
0 0.761719 0.192969 0.029687 0.023438
0 0.773438 0.216406 0.025000 0.026562
0 0.780469 0.236719 0.023438 0.017188
0 0.798438 0.260156 0.037500 0.032813
0 0.800000 0.233594 0.015625 0.023438
0 0.793750 0.212500 0.015625 0.018750
0 0.789844 0.192969 0.023438 0.026562
0 0.782813 0.167187 0.015625 0.025000
0 0.782031 0.142969 0.017188 0.023438
0 0.772656 0.120313 0.020313 0.025000
0 0.766406 0.096094 0.017188 0.020313
0 0.757812 0.075000 0.021875 0.025000
0 0.753906 0.052344 0.010937 0.017188
0 0.754687 0.010937 0.025000 0.021875
0 0.760938 0.035937 0.028125 0.028125
0 0.772656 0.065625 0.026562 0.031250
0 0.786719 0.099219 0.023438 0.029687
0 0.797656 0.131250 0.026562 0.031250
0 0.803125 0.162500 0.025000 0.025000
0 0.814063 0.187500 0.025000 0.028125
0 0.822656 0.217188 0.032813 0.025000
0 0.829688 0.244531 0.031250 0.029687
0 0.793750 0.018750 0.031250 0.034375
0 0.803906 0.049219 0.039062 0.026562
0 0.809375 0.078125 0.040625 0.028125
0 0.818750 0.108594 0.034375 0.026562
0 0.831250 0.137500 0.031250 0.025000
0 0.835938 0.167969 0.031250 0.029687
0 0.848437 0.193750 0.040625 0.021875
0 0.856250 0.221094 0.031250 0.035937
0 0.834375 0.020313 0.034375 0.031250
0 0.841406 0.051562 0.039062 0.031250
0 0.849219 0.080469 0.035937 0.023438
0 0.857812 0.107813 0.037500 0.028125
0 0.870313 0.139063 0.050000 0.034375
0 0.883594 0.169531 0.039062 0.020313
0 0.889844 0.200781 0.039062 0.035937
0 0.876563 0.015625 0.040625 0.025000
0 0.882031 0.043750 0.042188 0.028125
0 0.890625 0.074219 0.043750 0.026562
0 0.898438 0.103906 0.043750 0.026562
0 0.913281 0.133594 0.039062 0.026562
0 0.923438 0.157031 0.031250 0.017188
0 0.928125 0.186719 0.037500 0.039062
0 0.913281 0.012500 0.029687 0.021875
0 0.919531 0.040625 0.029687 0.028125
0 0.927344 0.069531 0.026562 0.023438
0 0.935937 0.097656 0.034375 0.029687
0 0.942187 0.127344 0.034375 0.026562
0 0.953906 0.154688 0.035937 0.025000
0 0.958594 0.182812 0.032813 0.031250
0 0.946875 0.014844 0.031250 0.023438
0 0.953906 0.044531 0.032813 0.029687
0 0.958594 0.074219 0.032813 0.023438
0 0.967187 0.098437 0.025000 0.018750
0 0.970313 0.115625 0.025000 0.018750
0 0.974219 0.135156 0.020313 0.023438
0 0.983594 0.159375 0.023438 0.025000
0 0.975000 0.026562 0.012500 0.015625
0 0.982031 0.049219 0.017188 0.020313
0 0.988281 0.074219 0.020313 0.026562
0 0.991406 0.101562 0.014063 0.025000
