0 0.008594 0.132031 -0.010937 -0.017188
0 0.003906 0.110156 -0.007812 -0.020313
0 0.031250 0.117969 0.037500 0.029687
0 0.016406 0.065625 -0.026562 -0.025000
0 0.021094 0.089844 -0.026562 -0.017188
0 0.007031 0.015625 -0.007812 -0.021875
0 0.012500 0.039062 -0.015625 -0.015625
0 0.050000 0.067969 0.031250 0.020313
0 0.039062 0.044531 -0.031250 -0.017188
0 0.028906 0.010156 -0.026562 -0.014063
0 0.037500 0.025781 0.034375 0.014063
0 0.060156 0.097656 0.035937 0.026562
0 0.064844 0.008594 0.039062 0.017188
0 0.072656 0.028906 0.029687 0.010937
0 0.079687 0.046875 0.031250 0.018750
0 0.089063 0.068750 0.037500 0.015625
0 0.100000 0.088281 0.031250 0.017188
0 0.100781 0.007812 0.029687 0.015625
0 0.107813 0.028906 0.043750 0.017188
0 0.114844 0.050781 0.032813 0.010937
0 0.121094 0.048438 0.042188 0.015625
0 0.127344 0.071875 0.032813 0.028125
0 0.138281 0.012500 0.039062 0.021875
0 0.181250 0.007812 0.037500 0.012500
0 0.186719 0.025781 0.042188 0.017188
0 0.188281 0.045312 0.029687 0.015625
0 0.153125 0.040625 0.028125 0.025000
0 0.257031 0.004687 0.029687 0.009375
0 0.221875 0.008594 -0.040625 -0.014063
