0 0.024219 0.978125 0.039062 0.037500
0 0.018750 0.942969 0.037500 0.035937
0 0.010937 0.913281 0.021875 0.029687
0 0.008594 0.885938 0.017188 0.034375
0 0.067969 0.979688 0.035937 0.034375
0 0.056250 0.946094 0.025000 0.032813
0 0.050781 0.914062 0.029687 0.043750
0 0.042969 0.889844 0.032813 0.026562
0 0.032813 0.868750 0.015625 0.010000
0 0.029687 0.858594 0.031250 0.032813
0 0.024219 0.830469 0.026562 0.023438
0 0.019531 0.810156 0.029687 0.035937
0 0.010156 0.781250 0.020313 0.040625
0 0.109375 0.982812 0.040625 0.031250
0 0.099219 0.955469 0.042188 0.029687
0 0.091406 0.930469 0.035937 0.026562
0 0.082031 0.906250 0.023438 0.031250
0 0.074219 0.881250 0.032813 0.028125
0 0.067969 0.858594 0.029687 0.035937
0 0.057813 0.832031 0.037500 0.032813
0 0.050000 0.801562 0.037500 0.037500
0 0.040625 0.771875 0.040625 0.028125
0 0.032031 0.741406 0.035937 0.032813
0 0.023438 0.710156 0.034375 0.032813
0 0.013281 0.675781 0.026562 0.032813
0 0.009375 0.749219 0.012500 0.026562
0 0.010937 0.642969 0.021875 0.032813
0 0.154688 0.988281 0.037500 0.020313
0 0.153125 0.967187 0.043750 0.025000
0 0.142969 0.943750 0.042188 0.021875
0 0.130469 0.922656 0.042188 0.023438
0 0.120313 0.900000 0.043750 0.031250
0 0.115625 0.875000 0.034375 0.028125
0 0.103906 0.852344 0.039062 0.026562
0 0.100781 0.823438 0.035937 0.037500
0 0.090625 0.790625 0.043750 0.034375
0 0.082812 0.762500 0.037500 0.031250
0 0.068750 0.730469 0.034375 0.039062
0 0.056250 0.700000 0.040625 0.034375
0 0.046875 0.671094 0.037500 0.029687
0 0.039062 0.647656 0.037500 0.032813
0 0.027344 0.621875 0.032813 0.034375
0 0.023438 0.596094 0.040625 0.032813
0 0.018750 0.569531 0.031250 0.026562
0 0.014844 0.543750 0.026562 0.037500
0 0.010937 0.516406 0.018750 0.023438
0 0.193750 0.985156 0.043750 0.023438
0 0.189844 0.963281 0.048438 0.026562
0 0.178125 0.936719 0.043750 0.032813
0 0.167969 0.909375 0.042188 0.031250
0 0.160156 0.884375 0.042188 0.031250
0 0.152344 0.856250 0.039062 0.034375
0 0.140625 0.828125 0.040625 0.028125
0 0.133594 0.803906 0.045312 0.039062
0 0.121875 0.767969 0.043750 0.039062
0 0.111719 0.738281 0.042188 0.032813
0 0.102344 0.710938 0.039062 0.040625
0 0.088281 0.676562 0.045312 0.040625
0 0.076563 0.640625 0.043750 0.040625
0 0.064844 0.607031 0.042188 0.032813
0 0.055469 0.574219 0.039062 0.029687
0 0.047656 0.545312 0.039062 0.037500
0 0.032031 0.512500 0.039062 0.031250
0 0.023438 0.482031 0.043750 0.029687
0 0.016406 0.450000 0.029687 0.034375
0 0.007031 0.420312 0.010937 0.021875
0 0.231250 0.982031 0.043750 0.029687
0 0.219531 0.944531 0.045312 0.032813
0 0.208594 0.907031 0.048438 0.032813
0 0.200781 0.875000 0.048438 0.037500
0 0.185938 0.842969 0.043750 0.032813
0 0.178125 0.812500 0.037500 0.046875
0 0.170313 0.780469 0.043750 0.032813
0 0.162500 0.756250 0.040625 0.034375
0 0.150000 0.726562 0.053125 0.040625
0 0.134375 0.692187 0.037500 0.034375
0 0.126562 0.665625 0.040625 0.040625
0 0.114062 0.632812 0.037500 0.040625
0 0.100781 0.603906 0.032813 0.035937
0 0.088281 0.571094 0.035937 0.035937
0 0.075000 0.535937 0.028125 0.037500
0 0.063281 0.507031 0.029687 0.032813
0 0.053906 0.475781 0.029687 0.035937
0 0.046875 0.446094 0.031250 0.032813
0 0.032031 0.412500 0.029687 0.031250
0 0.022656 0.383594 0.029687 0.032813
0 0.016406 0.357812 0.014063 0.025000
0 0.273438 0.975781 0.046875 0.045312
0 0.264062 0.945312 0.040625 0.028125
0 0.254688 0.916406 0.040625 0.042188
0 0.248438 0.885156 0.034375 0.035937
0 0.239063 0.854688 0.031250 0.034375
0 0.225781 0.830469 0.039062 0.029687
0 0.219531 0.808594 0.032813 0.023438
0 0.213281 0.779687 0.032813 0.034375
0 0.201563 0.749219 0.034375 0.032813
0 0.192188 0.721094 0.043750 0.032813
0 0.172656 0.691406 0.039062 0.029687
0 0.160938 0.661719 0.028125 0.032813
0 0.146875 0.626563 0.034375 0.031250
0 0.136719 0.600000 0.042188 0.028125
0 0.127344 0.573438 0.039062 0.031250
0 0.117188 0.546094 0.040625 0.032813
0 0.106250 0.520312 0.040625 0.037500
0 0.101562 0.489063 0.046875 0.034375
0 0.091406 0.460938 0.032813 0.025000
0 0.080469 0.436719 0.045312 0.035937
0 0.067187 0.407031 0.037500 0.026562
0 0.060937 0.378906 0.040625 0.032813
0 0.047656 0.353906 0.035937 0.023438
0 0.087500 0.351562 0.040625 0.018750
0 0.100000 0.376563 0.043750 0.028125
0 0.109375 0.404687 0.037500 0.021875
0 0.120313 0.433594 0.037500 0.026562
0 0.128125 0.463281 0.046875 0.032813
0 0.139844 0.492969 0.039062 0.026562
0 0.147656 0.523438 0.051562 0.028125
0 0.164844 0.550781 0.045312 0.026562
0 0.172656 0.576562 0.039062 0.021875
0 0.181250 0.604688 0.043750 0.025000
0 0.181250 0.626563 0.040625 0.018750
0 0.197656 0.650000 0.045312 0.018750
0 0.205469 0.671094 0.039062 0.023438
0 0.214062 0.696094 0.046875 0.026562
0 0.230469 0.721875 0.032813 0.025000
0 0.238281 0.747656 0.035937 0.032813
0 0.248438 0.777344 0.043750 0.026562
0 0.257031 0.804688 0.042188 0.025000
0 0.259375 0.829688 0.031250 0.021875
0 0.269531 0.846875 0.023438 0.015625
0 0.282813 0.873437 0.040625 0.025000
0 0.289062 0.897656 0.037500 0.020313
0 0.299219 0.920312 0.039062 0.031250
0 0.306250 0.946094 0.040625 0.026562
0 0.317188 0.978125 0.040625 0.037500
0 0.357031 0.981250 0.039062 0.034375
0 0.351562 0.947656 0.037500 0.029687
0 0.336719 0.921875 0.051562 0.037500
0 0.324219 0.892188 0.042188 0.025000
0 0.317969 0.868750 0.032813 0.037500
0 0.307812 0.839844 0.037500 0.029687
0 0.297656 0.812500 0.029687 0.028125
0 0.284375 0.780469 0.034375 0.039062
0 0.275781 0.753125 0.035937 0.025000
0 0.267969 0.721875 0.045312 0.040625
0 0.250781 0.685937 0.032813 0.034375
0 0.242188 0.654687 0.034375 0.037500
0 0.228906 0.624219 0.042188 0.029687
0 0.220312 0.595313 0.040625 0.037500
0 0.209375 0.564063 0.046875 0.037500
0 0.200000 0.535937 0.040625 0.034375
0 0.186719 0.504687 0.039062 0.037500
0 0.171094 0.470313 0.042188 0.037500
0 0.157812 0.437500 0.040625 0.031250
0 0.147656 0.410938 0.039062 0.034375
0 0.145313 0.382031 0.043750 0.035937
0 0.130469 0.354687 0.042188 0.025000
0 0.171875 0.353125 0.040625 0.018750
0 0.178906 0.376563 0.035937 0.028125
0 0.185156 0.407031 0.032813 0.026562
0 0.200000 0.432031 0.043750 0.029687
0 0.214844 0.464062 0.039062 0.034375
0 0.222656 0.494531 0.032813 0.026562
0 0.232813 0.521094 0.034375 0.029687
0 0.241406 0.549219 0.042188 0.032813
0 0.250000 0.581250 0.025000 0.031250
0 0.260156 0.609375 0.023438 0.025000
0 0.269531 0.633594 0.039062 0.032813
0 0.278125 0.665625 0.040625 0.037500
0 0.297656 0.697656 0.051562 0.029687
0 0.307812 0.727344 0.040625 0.026562
0 0.317969 0.760938 0.054688 0.040625
0 0.330469 0.796094 0.039062 0.035937
0 0.344531 0.828125 0.048438 0.028125
0 0.350000 0.859375 0.043750 0.031250
0 0.364063 0.892188 0.043750 0.034375
0 0.378906 0.921875 0.045312 0.034375
0 0.390625 0.952344 0.040625 0.032813
0 0.401562 0.985156 0.031250 0.023438
0 0.436719 0.980469 0.039062 0.032813
0 0.433594 0.950781 0.039062 0.035937
0 0.424219 0.920312 0.045312 0.037500
0 0.412500 0.892188 0.050000 0.031250
0 0.400781 0.858594 0.048438 0.042188
0 0.389062 0.825000 0.040625 0.031250
0 0.373437 0.792188 0.043750 0.037500
0 0.362500 0.756250 0.037500 0.034375
0 0.346875 0.725000 0.034375 0.031250
0 0.337500 0.699219 0.034375 0.035937
0 0.324219 0.668750 0.032813 0.034375
0 0.313281 0.634375 0.032813 0.040625
0 0.297656 0.596875 0.039062 0.040625
0 0.280469 0.557813 0.039062 0.034375
0 0.270313 0.523438 0.037500 0.034375
0 0.260156 0.492969 0.042188 0.042188
0 0.245312 0.458594 0.034375 0.029687
0 0.235937 0.429688 0.028125 0.031250
0 0.224219 0.401562 0.045312 0.037500
0 0.207031 0.364844 0.035937 0.042188
0 0.246094 0.357031 0.042188 0.023438
0 0.254688 0.383594 0.034375 0.026562
0 0.271094 0.414844 0.035937 0.032813
0 0.280469 0.447656 0.035937 0.032813
0 0.291406 0.478125 0.042188 0.034375
0 0.303125 0.510938 0.037500 0.028125
0 0.315625 0.542188 0.034375 0.025000
0 0.323437 0.571094 0.034375 0.026562
0 0.344531 0.603906 0.039062 0.029687
0 0.354687 0.636719 0.034375 0.029687
0 0.367188 0.664844 0.034375 0.023438
0 0.374219 0.693750 0.039062 0.031250
0 0.385937 0.725000 0.040625 0.031250
0 0.402344 0.753906 0.035937 0.023438
0 0.413281 0.785156 0.032813 0.035937
0 0.423438 0.816406 0.034375 0.035937
0 0.436719 0.846875 0.035937 0.031250
0 0.450781 0.878906 0.029687 0.029687
0 0.460156 0.900000 0.029687 0.018750
0 0.470313 0.927344 0.031250 0.029687
0 0.475781 0.952344 0.039062 0.029687
0 0.485156 0.982812 0.054688 0.031250
0 0.520312 0.982031 0.040625 0.029687
0 0.510938 0.954688 0.046875 0.031250
0 0.506250 0.923438 0.037500 0.034375
0 0.495312 0.889844 0.043750 0.039062
0 0.482031 0.850781 0.042188 0.035937
0 0.467969 0.814063 0.048438 0.037500
0 0.453906 0.776563 0.048438 0.037500
0 0.440625 0.743750 0.040625 0.031250
0 0.428906 0.710156 0.048438 0.039062
0 0.414062 0.673438 0.050000 0.034375
0 0.405469 0.642969 0.054688 0.039062
0 0.392188 0.613281 0.053125 0.035937
0 0.378125 0.579688 0.046875 0.040625
0 0.364844 0.544531 0.051562 0.032813
0 0.348438 0.570312 0.012500 0.021875
0 0.357812 0.512500 0.050000 0.028125
0 0.345313 0.485938 0.056250 0.028125
0 0.328125 0.456250 0.050000 0.031250
0 0.316406 0.426563 0.048438 0.040625
0 0.309375 0.392969 0.046875 0.039062
0 0.292969 0.362500 0.048438 0.028125
0 0.335156 0.356250 0.039062 0.021875
0 0.343750 0.376563 0.046875 0.021875
0 0.362500 0.402344 0.040625 0.029687
0 0.367188 0.428125 0.040625 0.034375
0 0.378906 0.460156 0.042188 0.026562
0 0.394531 0.492969 0.045312 0.039062
0 0.407031 0.528125 0.039062 0.034375
0 0.414062 0.562500 0.034375 0.034375
0 0.425781 0.593750 0.023438 0.031250
0 0.433594 0.625781 0.032813 0.035937
0 0.450000 0.657031 0.040625 0.032813
0 0.464844 0.689063 0.045312 0.034375
0 0.478906 0.726562 0.045312 0.034375
0 0.484375 0.757031 0.040625 0.029687
0 0.503906 0.789062 0.039062 0.034375
0 0.514844 0.816406 0.045312 0.023438
0 0.524219 0.844531 0.039062 0.032813
0 0.533594 0.878125 0.039062 0.034375
0 0.546875 0.913281 0.043750 0.032813
0 0.560156 0.946875 0.042188 0.031250
0 0.564063 0.977344 0.046875 0.026562
0 0.569531 0.991406 0.042188 0.014063
0 0.610938 0.982812 0.031250 0.028125
0 0.597656 0.957031 0.029687 0.029687
0 0.591406 0.931250 0.032813 0.028125
0 0.585156 0.904687 0.029687 0.028125
0 0.572656 0.880469 0.042188 0.035937
0 0.561719 0.850000 0.048438 0.037500
0 0.551562 0.822656 0.028125 0.020313
0 0.546094 0.797656 0.023438 0.023438
0 0.538281 0.770312 0.020313 0.028125
0 0.522656 0.734375 0.032813 0.028125
0 0.514062 0.707812 0.025000 0.021875
0 0.493750 0.664062 0.031250 0.031250
0 0.474219 0.627344 0.039062 0.039062
0 0.460156 0.585156 0.045312 0.039062
0 0.444531 0.550781 0.032813 0.035937
0 0.435156 0.513281 0.029687 0.039062
0 0.421094 0.467969 0.026562 0.039062
0 0.410938 0.437500 0.031250 0.021875
0 0.395313 0.406250 0.031250 0.031250
0 0.386719 0.376563 0.023438 0.021875
0 0.370312 0.356250 0.021875 0.018750
0 0.372656 0.355469 0.035937 0.020313
0 0.409375 0.355469 0.037500 0.029687
0 0.418750 0.379688 0.034375 0.025000
0 0.430469 0.403906 0.042188 0.023438
0 0.442188 0.428125 0.046875 0.028125
0 0.453125 0.457031 0.050000 0.029687
0 0.465625 0.488281 0.050000 0.029687
0 0.480469 0.519531 0.051562 0.023438
0 0.484375 0.546875 0.056250 0.031250
0 0.498437 0.585156 0.046875 0.039062
0 0.510156 0.624219 0.039062 0.032813
0 0.519531 0.660937 0.042188 0.028125
0 0.536719 0.693750 0.042188 0.031250
0 0.553906 0.725781 0.042188 0.032813
0 0.564063 0.757812 0.034375 0.028125
0 0.578906 0.789062 0.045312 0.031250
0 0.592187 0.817969 0.037500 0.029687
0 0.603906 0.845313 0.035937 0.028125
0 0.613281 0.869531 0.032813 0.020313
0 0.621094 0.896094 0.042188 0.026562
0 0.624219 0.923438 0.039062 0.025000
0 0.632031 0.947656 0.029687 0.026562
0 0.641406 0.970313 0.029687 0.015625
0 0.647656 0.988281 0.039062 0.017188
0 0.688281 0.987500 0.035937 0.018750
0 0.680469 0.965625 0.039062 0.031250
0 0.671875 0.936719 0.028125 0.032813
0 0.657031 0.901563 0.035937 0.034375
0 0.652344 0.870313 0.032813 0.028125
0 0.637500 0.839063 0.028125 0.034375
0 0.621094 0.800781 0.035937 0.039062
0 0.605469 0.764062 0.035937 0.034375
0 0.591406 0.729688 0.035937 0.037500
0 0.574219 0.694531 0.039062 0.035937
0 0.567187 0.661719 0.037500 0.032813
0 0.555469 0.632031 0.032813 0.029687
0 0.546094 0.600781 0.039062 0.032813
0 0.532031 0.562500 0.029687 0.031250
0 0.525000 0.531250 0.021875 0.028125
0 0.516406 0.510156 0.029687 0.026562
0 0.503125 0.482031 0.040625 0.032813
0 0.495312 0.452344 0.028125 0.035937
0 0.480469 0.418750 0.026562 0.034375
0 0.463281 0.385937 0.029687 0.034375
0 0.451562 0.348438 0.034375 0.040625
0 0.494531 0.357031 0.042188 0.026562
0 0.509375 0.389844 0.046875 0.029687
0 0.528125 0.424219 0.050000 0.029687
0 0.535156 0.458594 0.045312 0.039062
0 0.542969 0.488281 0.035937 0.029687
0 0.550781 0.518750 0.039062 0.034375
0 0.564063 0.546094 0.043750 0.026562
0 0.575781 0.578906 0.035937 0.032813
0 0.587500 0.603906 0.040625 0.023438
0 0.594531 0.630469 0.035937 0.026562
0 0.605469 0.664062 0.039062 0.028125
0 0.621094 0.696875 0.042188 0.031250
0 0.632812 0.728125 0.034375 0.031250
0 0.635938 0.757812 0.034375 0.025000
0 0.650781 0.786719 0.032813 0.026562
0 0.658594 0.809375 0.039062 0.028125
0 0.675781 0.845313 0.042188 0.034375
0 0.692969 0.878125 0.039062 0.034375
0 0.700000 0.912500 0.040625 0.034375
0 0.704688 0.939844 0.043750 0.029687
0 0.721875 0.969531 0.028125 0.020313
0 0.720313 0.985938 0.031250 0.018750
0 0.760938 0.985938 0.046875 0.025000
0 0.756250 0.959375 0.046875 0.028125
0 0.750000 0.936719 0.037500 0.035937
0 0.741406 0.904687 0.032813 0.025000
0 0.732031 0.878125 0.026562 0.031250
0 0.723437 0.852344 0.043750 0.032813
0 0.714844 0.828125 0.039062 0.025000
0 0.706250 0.805469 0.043750 0.023438
0 0.696094 0.780469 0.042188 0.026562
0 0.679688 0.750000 0.040625 0.034375
0 0.670312 0.723437 0.040625 0.034375
0 0.659375 0.694531 0.040625 0.035937
0 0.648438 0.667188 0.043750 0.037500
0 0.639062 0.635938 0.034375 0.037500
0 0.628125 0.607031 0.043750 0.023438
0 0.621875 0.582812 0.043750 0.037500
0 0.607812 0.554688 0.034375 0.028125
0 0.597656 0.526563 0.042188 0.037500
0 0.587500 0.494531 0.040625 0.035937
0 0.577344 0.463281 0.039062 0.026562
0 0.567969 0.436719 0.026562 0.032813
0 0.564063 0.407031 0.037500 0.026562
0 0.543750 0.382031 0.037500 0.029687
0 0.537500 0.356250 0.043750 0.031250
0 0.577344 0.355469 0.032813 0.020313
0 0.586719 0.381250 0.039062 0.025000
0 0.597656 0.407813 0.029687 0.028125
0 0.603125 0.434375 0.037500 0.021875
0 0.614844 0.460156 0.035937 0.026562
0 0.618750 0.485156 0.034375 0.026562
0 0.633594 0.515625 0.042188 0.031250
0 0.642969 0.547656 0.042188 0.026562
0 0.657031 0.574219 0.035937 0.032813
0 0.666406 0.607031 0.039062 0.035937
0 0.673438 0.638281 0.034375 0.023438
0 0.687500 0.662500 0.031250 0.028125
0 0.699219 0.688281 0.035937 0.026562
0 0.708594 0.711719 0.045312 0.026562
0 0.718750 0.742969 0.043750 0.035937
0 0.736719 0.777344 0.048438 0.032813
0 0.745313 0.816406 0.046875 0.035937
0 0.758594 0.849219 0.035937 0.035937
0 0.767188 0.879687 0.037500 0.034375
0 0.776563 0.904687 0.037500 0.028125
0 0.791406 0.934375 0.045312 0.031250
0 0.806250 0.963281 0.046875 0.023438
0 0.809375 0.988281 0.040625 0.020313
0 0.850000 0.983594 0.034375 0.029687
0 0.841406 0.956250 0.042188 0.025000
0 0.828125 0.935937 0.031250 0.018750
0 0.822656 0.917188 0.032813 0.025000
0 0.814063 0.895312 0.037500 0.028125
0 0.808594 0.871094 0.035937 0.026562
0 0.792188 0.842187 0.040625 0.031250
0 0.787500 0.812500 0.025000 0.025000
0 0.779687 0.787500 0.028125 0.021875
0 0.771094 0.764844 0.023438 0.023438
0 0.758594 0.739844 0.035937 0.029687
0 0.752344 0.715625 0.042188 0.028125
0 0.736719 0.685156 0.039062 0.029687
0 0.728125 0.661719 0.040625 0.026562
0 0.725781 0.642188 0.045312 0.028125
0 0.705469 0.619531 0.032813 0.023438
0 0.699219 0.586719 0.032813 0.035937
0 0.689063 0.557813 0.040625 0.028125
0 0.680469 0.527344 0.032813 0.039062
0 0.664062 0.492969 0.037500 0.029687
0 0.653906 0.470313 0.042188 0.031250
0 0.641406 0.438281 0.035937 0.032813
0 0.628906 0.410156 0.035937 0.032813
0 0.623437 0.382031 0.034375 0.026562
0 0.606250 0.354687 0.028125 0.031250
0 0.641406 0.353906 0.039062 0.029687
0 0.657031 0.382031 0.026562 0.020313
0 0.663281 0.404687 0.035937 0.028125
0 0.670312 0.434375 0.037500 0.031250
0 0.683594 0.456250 0.026562 0.028125
0 0.697656 0.484375 0.029687 0.028125
0 0.707031 0.515625 0.023438 0.040625
0 0.715625 0.541406 0.034375 0.026562
0 0.728906 0.564063 0.032813 0.031250
0 0.733594 0.591406 0.035937 0.035937
0 0.746094 0.624219 0.035937 0.023438
0 0.760156 0.651563 0.017188 0.028125
0 0.779687 0.677344 0.028125 0.026562
0 0.788281 0.707031 0.026562 0.032813
0 0.795312 0.735938 0.028125 0.028125
0 0.803906 0.767188 0.032813 0.034375
0 0.817187 0.797656 0.034375 0.026562
0 0.822656 0.824219 0.032813 0.029687
0 0.836719 0.856250 0.039062 0.028125
0 0.846094 0.885156 0.029687 0.023438
0 0.860938 0.912500 0.031250 0.031250
0 0.869531 0.942969 0.029687 0.029687
0 0.877344 0.965625 0.020313 0.015625
0 0.886719 0.985156 0.029687 0.023438
0 0.922656 0.982812 0.039062 0.025000
0 0.917188 0.956250 0.050000 0.028125
0 0.906250 0.926562 0.043750 0.034375
0 0.892969 0.897656 0.035937 0.029687
0 0.880469 0.873437 0.035937 0.025000
0 0.873437 0.845313 0.031250 0.025000
0 0.856250 0.821875 0.043750 0.025000
0 0.844531 0.792188 0.029687 0.031250
0 0.831250 0.762500 0.040625 0.034375
0 0.825781 0.728906 0.029687 0.026562
0 0.817187 0.702344 0.031250 0.029687
0 0.804688 0.671875 0.025000 0.028125
0 0.791406 0.648438 0.032813 0.025000
0 0.774219 0.621094 0.032813 0.032813
0 0.763281 0.585938 0.026562 0.034375
0 0.759375 0.560156 0.028125 0.023438
0 0.746875 0.535937 0.040625 0.025000
0 0.737500 0.510156 0.037500 0.032813
0 0.725781 0.478906 0.042188 0.029687
0 0.719531 0.453906 0.048438 0.029687
0 0.707031 0.421094 0.042188 0.035937
0 0.698438 0.392188 0.040625 0.025000
0 0.682031 0.370312 0.039062 0.025000
0 0.668750 0.346875 0.025000 0.015625
0 0.706250 0.344531 0.043750 0.017188
0 0.721094 0.367969 0.039062 0.026562
0 0.739844 0.396875 0.032813 0.025000
0 0.745313 0.420312 0.034375 0.025000
0 0.757812 0.446094 0.034375 0.023438
0 0.767188 0.472656 0.028125 0.029687
0 0.775781 0.496875 0.042188 0.028125
0 0.782031 0.524219 0.042188 0.032813
0 0.797656 0.556250 0.048438 0.028125
0 0.802344 0.585938 0.045312 0.028125
0 0.815625 0.614062 0.040625 0.025000
0 0.826562 0.639844 0.043750 0.026562
0 0.840625 0.669531 0.046875 0.029687
0 0.848437 0.697656 0.034375 0.026562
0 0.858594 0.729688 0.035937 0.028125
0 0.874219 0.760938 0.032813 0.028125
0 0.885156 0.788281 0.042188 0.029687
0 0.891406 0.814844 0.051562 0.029687
0 0.907813 0.844531 0.043750 0.026562
0 0.919531 0.872656 0.032813 0.026562
0 0.930469 0.896094 0.029687 0.026562
0 0.936719 0.921094 0.026562 0.029687
0 0.949219 0.948438 0.032813 0.025000
0 0.957812 0.978906 0.031250 0.035937
0 0.982031 0.977344 0.023438 0.029687
0 0.984375 0.944531 0.025000 0.032813
0 0.975781 0.917969 0.035937 0.023438
0 0.974219 0.894531 0.042188 0.029687
0 0.964063 0.868750 0.046875 0.031250
0 0.954688 0.844531 0.046875 0.029687
0 0.940625 0.812500 0.040625 0.028125
0 0.931250 0.788281 0.043750 0.029687
0 0.919531 0.763281 0.054688 0.032813
0 0.910156 0.735938 0.026562 0.031250
0 0.889844 0.732812 0.029687 0.021875
0 0.892969 0.703906 0.032813 0.029687
0 0.881250 0.675781 0.028125 0.035937
0 0.871875 0.639844 0.040625 0.039062
0 0.852344 0.604688 0.048438 0.034375
0 0.845313 0.577344 0.037500 0.032813
0 0.831250 0.549219 0.037500 0.029687
0 0.818750 0.517969 0.043750 0.035937
0 0.810156 0.484375 0.039062 0.046875
0 0.800000 0.453125 0.046875 0.034375
0 0.790625 0.424219 0.050000 0.029687
0 0.775781 0.395313 0.045312 0.031250
0 0.760156 0.370312 0.042188 0.025000
0 0.750781 0.350781 0.039062 0.026562
0 0.797656 0.350781 0.042188 0.023438
0 0.807813 0.373437 0.050000 0.025000
0 0.821094 0.396094 0.042188 0.023438
0 0.830469 0.420312 0.032813 0.028125
0 0.840625 0.449219 0.034375 0.026562
0 0.846875 0.475000 0.031250 0.031250
0 0.855469 0.500781 0.032813 0.029687
0 0.870313 0.533594 0.043750 0.029687
0 0.881250 0.564844 0.037500 0.029687
0 0.896875 0.593750 0.031250 0.028125
0 0.906250 0.621875 0.037500 0.028125
0 0.915625 0.653125 0.040625 0.028125
0 0.926562 0.680469 0.046875 0.029687
0 0.934375 0.710938 0.031250 0.028125
0 0.946094 0.737500 0.039062 0.028125
0 0.960156 0.763281 0.039062 0.029687
0 0.972656 0.791406 0.039062 0.032813
0 0.985156 0.821094 0.023438 0.023438
0 0.990625 0.850781 0.012500 0.035937
0 0.985156 0.752344 0.023438 0.035937
0 0.982031 0.719531 0.029687 0.026562
0 0.993750 0.785937 0.010000 0.018750
0 0.971875 0.685937 0.043750 0.034375
0 0.958594 0.650000 0.051562 0.034375
0 0.953906 0.622656 0.039062 0.029687
0 0.939063 0.596875 0.046875 0.028125
0 0.925781 0.566406 0.032813 0.035937
0 0.910937 0.532813 0.043750 0.031250
0 0.893750 0.495312 0.040625 0.040625
0 0.879687 0.454688 0.040625 0.043750
0 0.867969 0.418750 0.039062 0.028125
0 0.860156 0.394531 0.039062 0.026562
0 0.846875 0.368750 0.031250 0.028125
0 0.832031 0.344531 0.026562 0.020313
0 0.985938 0.625000 0.025000 0.034375
0 0.991406 0.653906 0.014063 0.026562
0 0.976562 0.584375 0.037500 0.040625
0 0.960938 0.553906 0.046875 0.032813
0 0.947656 0.521094 0.039062 0.032813
0 0.932813 0.489844 0.037500 0.035937
0 0.923438 0.461719 0.040625 0.032813
0 0.914062 0.433594 0.046875 0.032813
0 0.898438 0.402344 0.040625 0.035937
0 0.883594 0.366406 0.039062 0.026562
0 0.864844 0.339844 0.042188 0.026562
0 0.912500 0.341406 0.034375 0.032813
0 0.923438 0.369531 0.034375 0.023438
0 0.932031 0.393750 0.035937 0.025000
0 0.945312 0.419531 0.040625 0.020313
0 0.953906 0.441406 0.039062 0.035937
0 0.966406 0.470313 0.035937 0.028125
0 0.979688 0.496875 0.034375 0.025000
0 0.980469 0.521875 0.032813 0.031250
0 0.990625 0.548438 0.012500 0.021875
0 0.987500 0.439844 0.021875 0.029687
0 0.992188 0.467187 0.010000 0.021875
0 0.978906 0.409375 0.032813 0.028125
0 0.969531 0.374219 0.048438 0.029687
0 0.950781 0.344531 0.051562 0.026562
0 0.948438 0.321094 0.040625 0.026562
0 0.937500 0.289062 0.043750 0.025000
0 0.984375 0.324219 0.025000 0.020313
0 0.985156 0.343750 0.017188 0.015625
0 0.974219 0.291406 0.032813 0.032813
0 0.968750 0.267188 0.043750 0.028125
0 0.959375 0.242188 0.040625 0.025000
0 0.950781 0.215625 0.048438 0.031250
0 0.935156 0.183594 0.042188 0.035937
0 0.965625 0.170313 0.037500 0.015625
0 0.975000 0.189844 0.031250 0.023438
0 0.984375 0.210938 0.025000 0.025000
0 0.988281 0.235156 0.017188 0.026562
0 0.991406 0.279687 0.010000 0.056250
0 0.958594 0.148438 0.045312 0.031250
0 0.950781 0.116406 0.039062 0.032813
0 0.939844 0.087500 0.042188 0.025000
0 0.928125 0.064844 0.040625 0.017188
0 0.914844 0.043750 0.048438 0.021875
0 0.900000 0.025781 0.034375 0.020313
0 0.896094 0.009375 0.039062 0.018750
0 0.940625 0.012500 0.043750 0.025000
0 0.950000 0.032813 0.031250 0.028125
0 0.959375 0.055469 0.028125 0.020313
0 0.971094 0.074219 0.039062 0.020313
0 0.979688 0.092969 0.037500 0.020313
0 0.984375 0.116406 0.025000 0.026562
0 0.990625 0.144531 0.012500 0.032813
0 0.989844 0.171094 0.014063 0.017188
0 0.981250 0.010937 0.031250 0.021875
0 0.982812 0.035937 0.028125 0.025000
0 0.989062 0.057813 0.015625 0.031250
0 0.854688 0.010156 0.040625 0.020313
0 0.863281 0.033594 0.032813 0.026562
0 0.871094 0.059375 0.042188 0.028125
0 0.886719 0.080469 0.045312 0.023438
0 0.903125 0.107813 0.037500 0.028125
0 0.914844 0.137500 0.032813 0.025000
0 0.923438 0.157031 0.028125 0.023438
0 0.925000 0.267188 0.046875 0.028125
0 0.914844 0.238281 0.042188 0.032813
0 0.900000 0.208594 0.040625 0.029687
0 0.885938 0.178125 0.046875 0.031250
0 0.871875 0.152344 0.062500 0.026562
0 0.864844 0.125781 0.045312 0.023438
0 0.853906 0.099219 0.035937 0.026562
0 0.841406 0.073438 0.032813 0.025000
0 0.822656 0.047656 0.035937 0.023438
0 0.811719 0.023438 0.032813 0.015625
0 0.812500 0.010937 0.050000 0.018750
0 0.771875 0.013281 0.040625 0.023438
0 0.778125 0.031250 0.037500 0.021875
0 0.786719 0.050000 0.035937 0.021875
0 0.798438 0.074219 0.034375 0.023438
0 0.807813 0.095312 0.040625 0.021875
0 0.817969 0.120313 0.045312 0.025000
0 0.825000 0.141406 0.031250 0.023438
0 0.832031 0.168750 0.029687 0.025000
0 0.847656 0.190625 0.042188 0.021875
0 0.863281 0.218750 0.035937 0.028125
0 0.875781 0.249219 0.035937 0.026562
0 0.887500 0.275000 0.043750 0.028125
0 0.895312 0.303125 0.046875 0.021875
0 0.904687 0.320312 0.040625 0.012500
0 0.866406 0.317969 0.042188 0.020313
0 0.851562 0.298438 0.034375 0.021875
0 0.848437 0.276562 0.034375 0.021875
0 0.838281 0.251563 0.032813 0.021875
0 0.830469 0.232031 0.039062 0.020313
0 0.825781 0.207031 0.042188 0.032813
0 0.806250 0.176563 0.034375 0.028125
0 0.792969 0.148438 0.045312 0.021875
0 0.780469 0.124219 0.042188 0.029687
0 0.769531 0.098437 0.032813 0.028125
0 0.757031 0.072656 0.039062 0.026562
0 0.750781 0.050000 0.042188 0.025000
0 0.735938 0.017969 0.037500 0.032813
0 0.694531 0.014063 0.039062 0.028125
0 0.704688 0.039844 0.040625 0.026562
0 0.715625 0.064062 0.037500 0.028125
0 0.723437 0.083594 0.037500 0.014063
0 0.733594 0.104688 0.042188 0.025000
0 0.746094 0.132031 0.035937 0.026562
0 0.753906 0.158594 0.032813 0.023438
0 0.769531 0.182031 0.042188 0.023438
0 0.780469 0.207813 0.035937 0.028125
0 0.792969 0.237500 0.045312 0.025000
0 0.804688 0.261719 0.037500 0.026562
0 0.811719 0.284375 0.029687 0.021875
0 0.820312 0.307031 0.028125 0.026562
0 0.835156 0.326562 0.026562 0.018750
0 0.799219 0.326562 0.045312 0.028125
0 0.778125 0.299219 0.050000 0.029687
0 0.771875 0.275000 0.037500 0.021875
0 0.764844 0.253125 0.051562 0.028125
0 0.746094 0.224219 0.039062 0.032813
0 0.742969 0.200781 0.042188 0.023438
0 0.728125 0.175000 0.031250 0.025000
0 0.720313 0.147656 0.040625 0.026562
0 0.709375 0.123438 0.034375 0.025000
0 0.701562 0.102344 0.037500 0.029687
0 0.686719 0.077344 0.045312 0.023438
0 0.673438 0.053906 0.034375 0.029687
0 0.664062 0.029687 0.034375 0.021875
0 0.655469 0.010937 0.039062 0.015625
0 0.617188 0.010937 0.031250 0.021875
0 0.623437 0.032813 0.028125 0.021875
0 0.635156 0.055469 0.042188 0.023438
0 0.649219 0.082031 0.029687 0.023438
0 0.657813 0.103906 0.040625 0.023438
0 0.667969 0.128906 0.042188 0.026562
0 0.681250 0.155469 0.043750 0.023438
0 0.690625 0.178906 0.046875 0.023438
0 0.698438 0.204687 0.040625 0.028125
0 0.707812 0.226562 0.050000 0.018750
0 0.719531 0.252344 0.042188 0.026562
0 0.726562 0.278125 0.040625 0.018750
0 0.735938 0.296875 0.037500 0.021875
0 0.746094 0.315625 0.035937 0.015625
0 0.756250 0.328125 0.040625 0.012500
0 0.716406 0.328125 0.039062 0.015625
0 0.709375 0.313281 0.034375 0.014063
0 0.701562 0.293750 0.037500 0.021875
0 0.688281 0.273438 0.035937 0.021875
0 0.677344 0.255469 0.042188 0.026562
0 0.671875 0.235937 0.037500 0.025000
0 0.657813 0.210938 0.043750 0.025000
0 0.651563 0.187500 0.040625 0.028125
0 0.640625 0.160938 0.037500 0.031250
0 0.632812 0.136719 0.040625 0.029687
0 0.623437 0.108594 0.037500 0.032813
0 0.616406 0.085156 0.035937 0.023438
0 0.607812 0.063281 0.037500 0.026562
0 0.596094 0.037500 0.029687 0.028125
0 0.587500 0.014844 0.025000 0.023438
0 0.542969 0.009375 0.051562 0.018750
0 0.546875 0.026562 0.046875 0.031250
0 0.563281 0.051562 0.032813 0.018750
0 0.580469 0.075000 0.026562 0.021875
0 0.590625 0.103125 0.037500 0.028125
0 0.593750 0.127344 0.034375 0.029687
0 0.602344 0.157031 0.035937 0.026562
0 0.612500 0.182031 0.040625 0.023438
0 0.621094 0.207031 0.029687 0.023438
0 0.638281 0.234375 0.045312 0.028125
0 0.645312 0.257031 0.028125 0.017188
0 0.657031 0.281250 0.029687 0.018750
0 0.666406 0.305469 0.035937 0.020313
0 0.678125 0.328906 0.037500 0.020313
0 0.642969 0.331250 0.042188 0.021875
0 0.624219 0.312500 0.039062 0.018750
0 0.615625 0.290625 0.040625 0.021875
0 0.605469 0.268750 0.039062 0.028125
0 0.597656 0.243750 0.039062 0.028125
0 0.592187 0.217188 0.034375 0.031250
0 0.585938 0.194531 0.046875 0.029687
0 0.568750 0.165625 0.034375 0.028125
0 0.559375 0.137500 0.040625 0.025000
0 0.553906 0.114062 0.035937 0.031250
0 0.547656 0.085156 0.029687 0.023438
0 0.546094 0.062500 0.029687 0.028125
0 0.513281 0.023438 0.020313 0.025000
0 0.501563 0.009375 0.028125 0.012500
0 0.509375 0.033594 0.028125 0.026562
0 0.514844 0.053125 0.020313 0.021875
0 0.521094 0.074219 0.020313 0.017188
0 0.475000 0.011719 0.031250 0.017188
0 0.482031 0.031250 0.032813 0.021875
0 0.487500 0.052344 0.028125 0.020313
0 0.496094 0.071875 0.032813 0.021875
0 0.503906 0.092188 0.039062 0.018750
0 0.517188 0.114062 0.037500 0.021875
0 0.525781 0.134375 0.035937 0.028125
0 0.531250 0.160156 0.028125 0.017188
0 0.542188 0.182031 0.028125 0.020313
0 0.550781 0.206250 0.029687 0.025000
0 0.560156 0.228906 0.026562 0.023438
0 0.567969 0.255469 0.020313 0.023438
0 0.579688 0.279687 0.028125 0.021875
0 0.592969 0.303125 0.026562 0.025000
0 0.605469 0.325000 0.023438 0.018750
0 0.573438 0.326562 0.040625 0.025000
0 0.560156 0.301563 0.035937 0.025000
0 0.550781 0.280469 0.032813 0.023438
0 0.546094 0.255469 0.039062 0.026562
0 0.528906 0.230469 0.035937 0.023438
0 0.510938 0.207813 0.043750 0.021875
0 0.502344 0.180469 0.039062 0.026562
0 0.496094 0.159375 0.039062 0.025000
0 0.480469 0.134375 0.039062 0.028125
0 0.473438 0.114062 0.031250 0.021875
0 0.464062 0.094531 0.031250 0.026562
0 0.459375 0.071875 0.031250 0.025000
0 0.450000 0.050781 0.034375 0.023438
0 0.445312 0.034375 0.031250 0.025000
0 0.438281 0.013281 0.032813 0.020313
0 0.400781 0.014844 0.032813 0.020313
0 0.410156 0.036719 0.032813 0.020313
0 0.418750 0.063281 0.031250 0.029687
0 0.428125 0.090625 0.034375 0.028125
0 0.438281 0.115625 0.032813 0.018750
0 0.446094 0.139063 0.032813 0.034375
0 0.459375 0.171875 0.031250 0.031250
0 0.469531 0.206250 0.029687 0.037500
0 0.482031 0.241406 0.039062 0.032813
0 0.496875 0.272656 0.040625 0.032813
0 0.509375 0.299219 0.040625 0.020313
0 0.521094 0.310937 0.026562 0.010000
0 0.485938 0.325000 0.040625 0.015625
0 0.490625 0.334375 0.031250 0.015625
0 0.480469 0.303125 0.039062 0.028125
0 0.473438 0.277344 0.046875 0.023438
0 0.451562 0.244531 0.037500 0.026562
0 0.442969 0.214844 0.039062 0.029687
0 0.409375 0.170313 0.010000 0.010000
0 0.418750 0.159375 0.043750 0.028125
0 0.427344 0.185156 0.035937 0.029687
0 0.407813 0.128906 0.040625 0.023438
0 0.387500 0.107031 0.034375 0.023438
0 0.383594 0.084375 0.042188 0.028125
0 0.378125 0.060156 0.037500 0.023438
0 0.367188 0.033594 0.040625 0.023438
0 0.360938 0.011719 0.043750 0.020313
0 0.317969 0.012500 0.032813 0.025000
0 0.327344 0.036719 0.026562 0.020313
0 0.335938 0.059375 0.031250 0.021875
0 0.348438 0.083594 0.040625 0.020313
0 0.351562 0.107031 0.034375 0.026562
0 0.361719 0.135156 0.042188 0.023438
0 0.377344 0.159375 0.029687 0.021875
0 0.383594 0.184375 0.032813 0.025000
0 0.392188 0.207813 0.034375 0.018750
0 0.400781 0.232031 0.045312 0.020313
0 0.414844 0.260156 0.039062 0.023438
0 0.422656 0.285938 0.035937 0.021875
0 0.433594 0.307812 0.039062 0.021875
0 0.445312 0.326562 0.018750 0.010000
0 0.399219 0.328906 0.042188 0.017188
0 0.393750 0.308594 0.037500 0.026562
0 0.382812 0.283594 0.040625 0.026562
0 0.375781 0.260937 0.035937 0.034375
0 0.367188 0.238281 0.031250 0.023438
0 0.353906 0.215625 0.042188 0.031250
0 0.345313 0.188281 0.043750 0.026562
0 0.338281 0.164062 0.042188 0.028125
0 0.325000 0.135937 0.037500 0.025000
0 0.318750 0.110937 0.034375 0.031250
0 0.310937 0.089844 0.037500 0.026562
0 0.299219 0.062500 0.042188 0.025000
0 0.283594 0.040625 0.039062 0.025000
0 0.250000 0.003125 0.010000 0.010000
0 0.275000 0.016406 0.050000 0.029687
0 0.232031 0.014844 0.039062 0.026562
0 0.240625 0.042969 0.037500 0.026562
0 0.254688 0.067969 0.043750 0.029687
0 0.264062 0.094531 0.043750 0.020313
0 0.274219 0.122656 0.042188 0.035937
0 0.284375 0.153906 0.050000 0.026562
0 0.301563 0.181250 0.037500 0.021875
0 0.311719 0.207031 0.039062 0.026562
0 0.324219 0.232813 0.026562 0.018750
0 0.328906 0.246875 0.026562 0.021875
0 0.342969 0.269531 0.032813 0.020313
0 0.350000 0.292969 0.028125 0.023438
0 0.360156 0.316406 0.026562 0.014063
0 0.368750 0.333594 0.031250 0.014063
0 0.332813 0.335156 0.050000 0.020313
0 0.317969 0.311719 0.048438 0.020313
0 0.307812 0.292187 0.043750 0.021875
0 0.303125 0.272656 0.040625 0.023438
0 0.295312 0.253125 0.040625 0.031250
0 0.282031 0.228125 0.045312 0.031250
0 0.268750 0.201563 0.034375 0.028125
0 0.258594 0.177344 0.026562 0.026562
0 0.246094 0.150781 0.035937 0.035937
0 0.228125 0.114062 0.034375 0.034375
0 0.223438 0.084375 0.040625 0.025000
0 0.207813 0.053125 0.034375 0.031250
0 0.196094 0.028906 0.039062 0.023438
0 0.185156 0.011719 0.035937 0.017188
0 0.146094 0.010937 0.032813 0.021875
0 0.159375 0.039844 0.040625 0.026562
0 0.168750 0.068750 0.034375 0.025000
0 0.183594 0.097656 0.045312 0.026562
0 0.188281 0.121875 0.045312 0.025000
0 0.197656 0.150000 0.051562 0.031250
0 0.217969 0.179688 0.048438 0.021875
0 0.226562 0.209375 0.043750 0.028125
0 0.235156 0.239063 0.035937 0.025000
0 0.244531 0.263281 0.048438 0.023438
0 0.260156 0.289062 0.045312 0.018750
0 0.271875 0.314063 0.043750 0.025000
0 0.284375 0.339844 0.046875 0.026562
0 0.241406 0.335156 0.039062 0.023438
0 0.229687 0.306250 0.037500 0.034375
0 0.213281 0.278125 0.029687 0.025000
0 0.200000 0.250781 0.037500 0.029687
0 0.189844 0.228906 0.035937 0.023438
0 0.175781 0.201563 0.020313 0.021875
0 0.168750 0.175781 0.028125 0.023438
0 0.161719 0.149219 0.032813 0.032813
0 0.152344 0.121094 0.032813 0.035937
0 0.135937 0.088281 0.040625 0.026562
0 0.126562 0.064844 0.034375 0.035937
0 0.120313 0.039062 0.028125 0.025000
0 0.112500 0.016406 0.034375 0.032813
0 0.077344 0.013281 0.029687 0.023438
0 0.083594 0.037500 0.026562 0.028125
0 0.092969 0.067187 0.029687 0.028125
0 0.096875 0.094531 0.021875 0.023438
0 0.110156 0.119531 0.026562 0.026562
0 0.118750 0.144531 0.025000 0.026562
0 0.128906 0.168750 0.029687 0.021875
0 0.142969 0.191406 0.032813 0.023438
0 0.151562 0.213281 0.025000 0.017188
0 0.162500 0.237500 0.034375 0.028125
0 0.173437 0.266406 0.037500 0.026562
0 0.185938 0.291406 0.031250 0.026562
0 0.201563 0.323437 0.040625 0.037500
0 0.164062 0.321094 0.034375 0.032813
0 0.150781 0.292187 0.048438 0.031250
0 0.132812 0.261719 0.034375 0.035937
0 0.121875 0.232031 0.043750 0.029687
0 0.112500 0.210156 0.043750 0.023438
0 0.100000 0.187500 0.040625 0.031250
0 0.086719 0.156250 0.042188 0.034375
0 0.081250 0.126562 0.037500 0.031250
0 0.067969 0.097656 0.029687 0.032813
0 0.060156 0.073438 0.032813 0.034375
0 0.050000 0.042188 0.034375 0.028125
0 0.040625 0.014063 0.037500 0.028125
0 0.010156 0.024219 0.020313 0.026562
0 0.011719 0.010937 0.023438 0.015625
0 0.015625 0.050781 0.028125 0.032813
0 0.027344 0.082812 0.035937 0.034375
0 0.035156 0.107813 0.029687 0.025000
0 0.040625 0.132031 0.037500 0.029687
0 0.055469 0.159375 0.035937 0.025000
0 0.060156 0.185938 0.035937 0.037500
0 0.075781 0.210938 0.029687 0.025000
0 0.085938 0.246094 0.034375 0.039062
0 0.092188 0.275781 0.025000 0.020313
0 0.110937 0.267188 0.015625 0.037500
0 0.109375 0.301563 0.037500 0.028125
0 0.125000 0.327344 0.050000 0.029687
0 0.085156 0.328906 0.045312 0.029687
0 0.071875 0.300000 0.031250 0.040625
0 0.062500 0.272656 0.034375 0.026562
0 0.048438 0.246094 0.043750 0.026562
0 0.042969 0.214844 0.032813 0.032813
0 0.030469 0.189844 0.039062 0.029687
0 0.020313 0.160938 0.031250 0.031250
0 0.012500 0.125000 0.018750 0.046875
0 0.010937 0.217188 0.018750 0.043750
0 0.017969 0.256250 0.035937 0.034375
0 0.023438 0.288281 0.046875 0.035937
0 0.032031 0.325000 0.045312 0.040625
0 0.007812 0.343750 0.012500 0.056250
0 0.007031 0.396094 0.010000 0.020313
0 0.005469 0.090625 0.010937 0.034375
