0 0.590625 0.011719 0.028125 0.023438
0 0.598437 0.033594 0.034375 0.026562
0 0.606250 0.055469 0.028125 0.023438
0 0.614844 0.087500 0.014063 0.018750
0 0.542188 0.014844 0.040625 0.026562
0 0.548438 0.039062 0.034375 0.028125
0 0.558594 0.066406 0.035937 0.026562
0 0.573438 0.091406 0.043750 0.026562
0 0.579688 0.112500 0.034375 0.028125
0 0.595313 0.136719 0.040625 0.035937
0 0.614062 0.178125 0.040625 0.043750
0 0.489063 0.012500 0.037500 0.021875
0 0.504687 0.040625 0.046875 0.031250
0 0.514062 0.071094 0.040625 0.029687
0 0.528125 0.103906 0.043750 0.032813
0 0.542188 0.136719 0.040625 0.032813
0 0.560156 0.164844 0.039062 0.032813
0 0.575000 0.197656 0.037500 0.029687
0 0.590625 0.229687 0.040625 0.028125
0 0.601562 0.260937 0.046875 0.028125
0 0.614844 0.292969 0.032813 0.032813
0 0.446094 0.009375 0.029687 0.018750
0 0.458594 0.037500 0.042188 0.031250
0 0.471094 0.071094 0.039062 0.029687
0 0.482812 0.103125 0.040625 0.034375
0 0.500781 0.135937 0.032813 0.028125
0 0.510938 0.167187 0.043750 0.031250
0 0.520312 0.200000 0.043750 0.031250
0 0.537500 0.232031 0.037500 0.029687
0 0.555469 0.264062 0.045312 0.031250
0 0.569531 0.293750 0.039062 0.031250
0 0.583594 0.323437 0.048438 0.025000
0 0.596094 0.353906 0.042188 0.035937
0 0.610938 0.377344 0.043750 0.042188
0 0.409375 0.016406 0.043750 0.023438
0 0.417969 0.042969 0.039062 0.026562
0 0.427344 0.069531 0.035937 0.032813
0 0.444531 0.099219 0.048438 0.035937
0 0.454688 0.137500 0.040625 0.031250
0 0.463281 0.168750 0.045312 0.031250
0 0.478906 0.200781 0.039062 0.026562
0 0.494531 0.228125 0.039062 0.028125
0 0.507812 0.257031 0.034375 0.029687
0 0.521875 0.286719 0.034375 0.029687
0 0.538281 0.319531 0.039062 0.035937
0 0.552344 0.350781 0.035937 0.029687
0 0.564063 0.379688 0.037500 0.028125
0 0.578125 0.407031 0.043750 0.029687
0 0.594531 0.445312 0.048438 0.065625
0 0.362500 0.015625 0.040625 0.028125
0 0.315625 0.011719 0.043750 0.023438
0 0.271875 0.012500 0.043750 0.025000
0 0.225781 0.011719 0.048438 0.023438
0 0.178906 0.013281 0.029687 0.026562
0 0.140625 0.014063 0.037500 0.025000
0 0.104688 0.013281 0.037500 0.023438
0 0.063281 0.011719 0.045312 0.023438
0 0.371094 0.047656 0.045312 0.029687
0 0.382812 0.074219 0.037500 0.020313
0 0.393750 0.102344 0.040625 0.032813
0 0.403125 0.131250 0.034375 0.034375
0 0.418750 0.164062 0.037500 0.028125
0 0.434375 0.191406 0.043750 0.026562
0 0.445312 0.223438 0.040625 0.046875
0 0.459375 0.256250 0.046875 0.025000
0 0.475781 0.285156 0.048438 0.029687
0 0.490625 0.317188 0.056250 0.034375
0 0.507031 0.353125 0.054688 0.034375
0 0.525781 0.388281 0.060937 0.035937
0 0.536719 0.421094 0.048438 0.029687
0 0.550781 0.449219 0.048438 0.026562
0 0.560156 0.473438 0.042188 0.028125
0 0.573438 0.507812 0.046875 0.034375
0 0.589844 0.537500 0.042188 0.034375
0 0.601562 0.566406 0.040625 0.023438
0 0.326562 0.037500 0.043750 0.021875
0 0.339062 0.062500 0.034375 0.021875
0 0.352344 0.085156 0.039062 0.026562
0 0.365625 0.117188 0.043750 0.034375
0 0.374219 0.147656 0.032813 0.029687
0 0.382812 0.177344 0.034375 0.032813
0 0.397656 0.217969 0.035937 0.032813
0 0.411719 0.253906 0.039062 0.039062
0 0.428125 0.290625 0.034375 0.034375
0 0.445312 0.323437 0.046875 0.034375
0 0.464844 0.355469 0.039062 0.032813
0 0.470313 0.391406 0.046875 0.035937
0 0.496094 0.424219 0.051562 0.032813
0 0.507031 0.453906 0.039062 0.029687
0 0.521875 0.485938 0.040625 0.037500
0 0.536719 0.519531 0.029687 0.029687
0 0.550000 0.544531 0.034375 0.023438
0 0.555469 0.564063 0.029687 0.025000
0 0.569531 0.587500 0.032813 0.028125
0 0.282813 0.039062 0.037500 0.028125
0 0.294531 0.067969 0.039062 0.032813
0 0.311719 0.099219 0.039062 0.029687
0 0.324219 0.125781 0.039062 0.023438
0 0.331250 0.148438 0.034375 0.028125
0 0.339844 0.175781 0.029687 0.023438
0 0.346875 0.202344 0.043750 0.029687
0 0.366406 0.231250 0.039062 0.021875
0 0.376563 0.259375 0.037500 0.031250
0 0.386719 0.285938 0.039062 0.025000
0 0.397656 0.310937 0.042188 0.028125
0 0.409375 0.342969 0.040625 0.035937
0 0.427344 0.374219 0.042188 0.035937
0 0.442188 0.410156 0.034375 0.032813
0 0.459375 0.443750 0.031250 0.028125
0 0.473438 0.470313 0.037500 0.028125
0 0.483594 0.502344 0.042188 0.032813
0 0.500000 0.535156 0.040625 0.032813
0 0.518750 0.566406 0.043750 0.029687
0 0.532031 0.595313 0.039062 0.028125
0 0.542188 0.621875 0.040625 0.025000
0 0.578125 0.617969 0.025000 0.023438
0 0.589844 0.643750 0.029687 0.031250
0 0.242969 0.038281 0.042188 0.032813
0 0.253906 0.075781 0.039062 0.032813
0 0.272656 0.103125 0.039062 0.031250
0 0.284375 0.133594 0.037500 0.029687
0 0.303125 0.167969 0.050000 0.029687
0 0.311719 0.197656 0.029687 0.029687
0 0.324219 0.226562 0.042188 0.031250
0 0.332813 0.251563 0.040625 0.028125
0 0.342187 0.280469 0.043750 0.029687
0 0.358594 0.310156 0.045312 0.029687
0 0.371094 0.342969 0.045312 0.035937
0 0.385156 0.372656 0.048438 0.029687
0 0.400781 0.408594 0.045312 0.035937
0 0.417969 0.442188 0.048438 0.037500
0 0.433594 0.476562 0.051562 0.034375
0 0.449219 0.511719 0.054688 0.035937
0 0.470313 0.550000 0.050000 0.034375
0 0.482812 0.585156 0.046875 0.032813
0 0.499219 0.617969 0.042188 0.032813
0 0.508594 0.642188 0.045312 0.021875
0 0.549219 0.645312 0.045312 0.018750
0 0.200781 0.042969 0.039062 0.023438
0 0.208594 0.067187 0.039062 0.028125
0 0.217969 0.092188 0.045312 0.028125
0 0.233594 0.114062 0.039062 0.028125
0 0.242969 0.135937 0.035937 0.025000
0 0.252344 0.166406 0.035937 0.035937
0 0.266406 0.196875 0.042188 0.028125
0 0.275000 0.226562 0.040625 0.037500
0 0.292969 0.264062 0.051562 0.034375
0 0.313281 0.296875 0.060937 0.031250
0 0.320312 0.328906 0.040625 0.039062
0 0.337500 0.364844 0.040625 0.039062
0 0.349219 0.399219 0.042188 0.029687
0 0.362500 0.427344 0.043750 0.035937
0 0.379688 0.459375 0.040625 0.031250
0 0.401562 0.495312 0.043750 0.037500
0 0.410938 0.529687 0.043750 0.034375
0 0.425781 0.563281 0.042188 0.032813
0 0.449219 0.596875 0.045312 0.034375
0 0.451562 0.626563 0.046875 0.028125
0 0.466406 0.651563 0.039062 0.021875
0 0.155469 0.039062 0.039062 0.028125
0 0.168750 0.069531 0.040625 0.026562
0 0.183594 0.099219 0.039062 0.032813
0 0.195312 0.130469 0.043750 0.029687
0 0.211719 0.160938 0.039062 0.028125
0 0.222656 0.192969 0.045312 0.039062
0 0.230469 0.229687 0.042188 0.034375
0 0.247656 0.264062 0.035937 0.031250
0 0.261719 0.292969 0.035937 0.020313
0 0.272656 0.321875 0.048438 0.037500
0 0.293750 0.358594 0.043750 0.032813
0 0.302344 0.392188 0.039062 0.034375
0 0.321094 0.425000 0.032813 0.031250
0 0.337500 0.453125 0.025000 0.028125
0 0.358594 0.491406 0.035937 0.039062
0 0.368750 0.525781 0.040625 0.020313
0 0.383594 0.555469 0.035937 0.035937
0 0.403125 0.589844 0.034375 0.032813
0 0.418750 0.621094 0.034375 0.035937
0 0.424219 0.652344 0.017188 0.017188
0 0.117969 0.040625 0.032813 0.031250
0 0.130469 0.074219 0.039062 0.035937
0 0.147656 0.103125 0.032813 0.031250
0 0.160938 0.139063 0.037500 0.037500
0 0.178906 0.174219 0.045312 0.035937
0 0.183594 0.212500 0.048438 0.037500
0 0.200000 0.246875 0.050000 0.031250
0 0.219531 0.282031 0.042188 0.039062
0 0.232813 0.317188 0.034375 0.031250
0 0.247656 0.351562 0.035937 0.031250
0 0.262500 0.384375 0.046875 0.040625
0 0.292969 0.428125 0.054688 0.040625
0 0.306250 0.465625 0.043750 0.040625
0 0.317188 0.500781 0.043750 0.032813
0 0.336719 0.533594 0.039062 0.029687
0 0.342969 0.560156 0.035937 0.032813
0 0.362500 0.592969 0.046875 0.035937
0 0.378906 0.631250 0.054688 0.037500
0 0.382812 0.656250 0.034375 0.012500
0 0.073438 0.042969 0.043750 0.029687
0 0.086719 0.075781 0.035937 0.029687
0 0.096875 0.103906 0.043750 0.026562
0 0.108594 0.133594 0.042188 0.032813
0 0.126562 0.164062 0.040625 0.034375
0 0.137500 0.199219 0.040625 0.042188
0 0.149219 0.236719 0.042188 0.029687
0 0.160938 0.268750 0.037500 0.034375
0 0.180469 0.301563 0.035937 0.037500
0 0.196875 0.338281 0.037500 0.032813
0 0.214844 0.367969 0.039062 0.035937
0 0.225000 0.407813 0.034375 0.037500
0 0.239063 0.442969 0.053125 0.039062
0 0.260156 0.480469 0.039062 0.035937
0 0.275000 0.515625 0.037500 0.031250
0 0.289844 0.550781 0.045312 0.035937
0 0.309375 0.592969 0.040625 0.042188
0 0.325781 0.628906 0.048438 0.039062
0 0.335938 0.655469 0.034375 0.020313
0 0.032031 0.020313 0.029687 0.037500
0 0.014844 0.017188 0.020313 0.034375
0 0.035937 0.055469 0.025000 0.029687
0 0.049219 0.082812 0.035937 0.028125
0 0.060156 0.108594 0.032813 0.026562
0 0.069531 0.137500 0.032813 0.031250
0 0.080469 0.162500 0.029687 0.021875
0 0.089844 0.182812 0.042188 0.031250
0 0.100781 0.213281 0.032813 0.035937
0 0.118750 0.249219 0.046875 0.035937
0 0.129688 0.284375 0.034375 0.034375
0 0.149219 0.314844 0.035937 0.029687
0 0.160156 0.342969 0.039062 0.023438
0 0.168750 0.375000 0.037500 0.031250
0 0.183594 0.406250 0.045312 0.031250
0 0.200781 0.438281 0.048438 0.035937
0 0.214062 0.471094 0.040625 0.032813
0 0.228125 0.507031 0.053125 0.029687
0 0.235937 0.538281 0.050000 0.032813
0 0.249219 0.565625 0.042188 0.028125
0 0.271875 0.596875 0.053125 0.028125
0 0.282031 0.621875 0.032813 0.031250
0 0.297656 0.653125 0.032813 0.031250
0 0.012500 0.058594 0.021875 0.039062
0 0.017969 0.098437 0.032813 0.037500
0 0.029687 0.135937 0.037500 0.037500
0 0.044531 0.175000 0.042188 0.034375
0 0.054688 0.202344 0.028125 0.029687
0 0.067187 0.232031 0.043750 0.032813
0 0.082812 0.257812 0.034375 0.025000
0 0.094531 0.287500 0.035937 0.028125
0 0.108594 0.321094 0.035937 0.035937
0 0.123438 0.352344 0.050000 0.029687
0 0.132031 0.390625 0.039062 0.046875
0 0.148438 0.429688 0.040625 0.031250
0 0.168750 0.460156 0.050000 0.032813
0 0.180469 0.496094 0.048438 0.039062
0 0.205469 0.536719 0.039062 0.035937
0 0.214062 0.569531 0.037500 0.032813
0 0.225000 0.599219 0.043750 0.029687
0 0.239063 0.624219 0.037500 0.026562
0 0.253906 0.651563 0.045312 0.028125
0 0.011719 0.163281 0.020313 0.048438
0 0.021875 0.204687 0.034375 0.034375
0 0.035156 0.238281 0.042188 0.035937
0 0.049219 0.277344 0.032813 0.035937
0 0.064844 0.314844 0.035937 0.035937
0 0.078906 0.351562 0.032813 0.034375
0 0.092188 0.383594 0.034375 0.032813
0 0.104688 0.409375 0.034375 0.028125
0 0.114062 0.442969 0.040625 0.032813
0 0.126562 0.472656 0.046875 0.029687
0 0.140625 0.507812 0.043750 0.034375
0 0.158594 0.537500 0.054688 0.034375
0 0.168750 0.573438 0.046875 0.031250
0 0.183594 0.605469 0.045312 0.039062
0 0.203125 0.635938 0.037500 0.021875
0 0.216406 0.657031 0.032813 0.020313
0 0.011719 0.250781 0.020313 0.045312
0 0.020313 0.279687 0.034375 0.034375
0 0.025000 0.319531 0.040625 0.035937
0 0.049219 0.361719 0.048438 0.042188
0 0.058594 0.398438 0.035937 0.034375
0 0.073438 0.432812 0.031250 0.034375
0 0.087500 0.468750 0.040625 0.037500
0 0.097656 0.507812 0.045312 0.037500
0 0.106250 0.539844 0.040625 0.029687
0 0.127344 0.569531 0.039062 0.032813
0 0.137500 0.603906 0.040625 0.026562
0 0.150000 0.629687 0.037500 0.028125
0 0.161719 0.651563 0.029687 0.015625
0 0.010937 0.346875 0.015625 0.040625
0 0.020313 0.392969 0.031250 0.039062
0 0.033594 0.435937 0.045312 0.037500
0 0.052344 0.475000 0.032813 0.028125
0 0.064062 0.506250 0.031250 0.034375
0 0.075781 0.539062 0.032813 0.034375
0 0.085156 0.564063 0.039062 0.025000
0 0.095312 0.600000 0.040625 0.037500
0 0.111719 0.632031 0.048438 0.032813
0 0.119531 0.657813 0.035937 0.025000
0 0.010937 0.446094 0.018750 0.042188
0 0.017969 0.486719 0.029687 0.042188
0 0.027344 0.524219 0.048438 0.035937
0 0.032813 0.559375 0.046875 0.040625
0 0.059375 0.597656 0.050000 0.032813
0 0.059375 0.631250 0.050000 0.025000
0 0.072656 0.659375 0.042188 0.031250
0 0.011719 0.579688 0.023438 0.043750
0 0.018750 0.617188 0.037500 0.031250
0 0.026562 0.655469 0.040625 0.039062
0 0.559375 0.671875 0.040625 0.025000
0 0.573438 0.696094 0.037500 0.026562
0 0.585938 0.717187 0.034375 0.028125
0 0.517188 0.671094 0.037500 0.026562
0 0.523438 0.695312 0.034375 0.028125
0 0.535156 0.717969 0.039062 0.026562
0 0.552344 0.739062 0.035937 0.028125
0 0.564063 0.761719 0.021875 0.020313
0 0.477344 0.675000 0.045312 0.021875
0 0.492969 0.698438 0.042188 0.021875
0 0.492969 0.721875 0.035937 0.034375
0 0.509375 0.746875 0.043750 0.031250
0 0.517188 0.768750 0.037500 0.025000
0 0.530469 0.793750 0.039062 0.028125
0 0.532813 0.818750 0.040625 0.031250
0 0.536719 0.842187 0.029687 0.021875
0 0.547656 0.862500 0.026562 0.025000
0 0.545312 0.765625 0.018750 0.015625
0 0.563281 0.784375 0.035937 0.028125
0 0.571875 0.819531 0.037500 0.039062
0 0.432812 0.672656 0.025000 0.026562
0 0.444531 0.698438 0.029687 0.025000
0 0.454688 0.725000 0.031250 0.031250
0 0.461719 0.752344 0.035937 0.032813
0 0.478125 0.777344 0.028125 0.029687
0 0.487500 0.808594 0.043750 0.026562
0 0.492969 0.832812 0.035937 0.021875
0 0.504687 0.862500 0.040625 0.031250
0 0.514062 0.888281 0.034375 0.023438
0 0.520312 0.915625 0.034375 0.028125
0 0.527344 0.942187 0.029687 0.031250
0 0.539844 0.971094 0.014063 0.020313
0 0.391406 0.681250 0.045312 0.031250
0 0.400000 0.710938 0.046875 0.028125
0 0.410938 0.736719 0.037500 0.029687
0 0.421094 0.758594 0.023438 0.020313
0 0.433594 0.786719 0.048438 0.032813
0 0.445312 0.806250 0.043750 0.018750
0 0.453906 0.836719 0.039062 0.035937
0 0.463281 0.869531 0.035937 0.023438
0 0.471875 0.898438 0.043750 0.034375
0 0.487500 0.932813 0.040625 0.031250
0 0.496094 0.960938 0.035937 0.018750
0 0.508594 0.984375 0.032813 0.028125
0 0.351562 0.681250 0.034375 0.034375
0 0.364844 0.721094 0.039062 0.035937
0 0.373437 0.753125 0.037500 0.028125
0 0.382812 0.775781 0.040625 0.020313
0 0.394531 0.759375 0.010937 0.028125
0 0.395313 0.803125 0.050000 0.034375
0 0.405469 0.833594 0.042188 0.029687
0 0.414062 0.862500 0.050000 0.031250
0 0.423438 0.892188 0.040625 0.028125
0 0.440625 0.917969 0.037500 0.029687
0 0.449219 0.946094 0.042188 0.026562
0 0.459375 0.967969 0.040625 0.020313
0 0.472656 0.989062 0.039062 0.018750
0 0.311719 0.686719 0.035937 0.029687
0 0.321875 0.721094 0.040625 0.035937
0 0.333594 0.750781 0.042188 0.032813
0 0.344531 0.779687 0.029687 0.021875
0 0.350781 0.803125 0.029687 0.028125
0 0.363281 0.835156 0.035937 0.032813
0 0.373437 0.866406 0.037500 0.023438
0 0.385937 0.896875 0.046875 0.028125
0 0.403125 0.922656 0.034375 0.023438
0 0.410156 0.948438 0.035937 0.025000
0 0.421094 0.971875 0.048438 0.018750
0 0.428125 0.985156 0.040625 0.020313
0 0.269531 0.683594 0.032813 0.029687
0 0.281250 0.715625 0.034375 0.031250
0 0.290625 0.749219 0.031250 0.029687
0 0.300781 0.777344 0.032813 0.029687
0 0.312500 0.805469 0.050000 0.029687
0 0.324219 0.781250 0.017188 0.021875
0 0.322656 0.835938 0.042188 0.025000
0 0.333594 0.867188 0.039062 0.034375
0 0.343750 0.899219 0.050000 0.032813
0 0.350781 0.925000 0.042188 0.021875
0 0.367188 0.949219 0.046875 0.032813
0 0.380469 0.980469 0.045312 0.035937
0 0.222656 0.680469 0.048438 0.032813
0 0.235937 0.707812 0.043750 0.028125
0 0.259375 0.767969 0.056250 0.035937
0 0.243750 0.742969 0.028125 0.023438
0 0.250000 0.732812 0.046875 0.034375
0 0.270313 0.807031 0.046875 0.039062
0 0.283594 0.841406 0.042188 0.029687
0 0.295312 0.870313 0.040625 0.037500
0 0.306250 0.903906 0.040625 0.029687
0 0.318750 0.933594 0.043750 0.026562
0 0.330469 0.963281 0.048438 0.029687
0 0.339062 0.982031 0.037500 0.029687
0 0.170313 0.680469 0.043750 0.035937
0 0.185156 0.711719 0.042188 0.029687
0 0.202344 0.743750 0.042188 0.034375
0 0.214062 0.774219 0.046875 0.032813
0 0.219531 0.810156 0.048438 0.029687
0 0.229687 0.839063 0.050000 0.034375
0 0.247656 0.869531 0.048438 0.023438
0 0.259375 0.902344 0.050000 0.032813
0 0.275000 0.932813 0.043750 0.025000
0 0.282031 0.956250 0.042188 0.015625
0 0.291406 0.982031 0.039062 0.026562
0 0.128125 0.682813 0.040625 0.028125
0 0.142187 0.714063 0.040625 0.034375
0 0.156250 0.745313 0.050000 0.037500
0 0.171875 0.778906 0.046875 0.032813
0 0.182031 0.812500 0.032813 0.040625
0 0.191406 0.845313 0.029687 0.025000
0 0.198437 0.871094 0.015625 0.020313
0 0.211719 0.887500 0.032813 0.034375
0 0.223438 0.917969 0.028125 0.029687
0 0.242188 0.943750 0.037500 0.031250
0 0.251563 0.969531 0.028125 0.017188
0 0.258594 0.987500 0.032813 0.018750
0 0.081250 0.691406 0.043750 0.026562
0 0.096875 0.721875 0.043750 0.028125
0 0.113281 0.753125 0.039062 0.034375
0 0.128906 0.781250 0.032813 0.028125
0 0.139063 0.810156 0.040625 0.026562
0 0.152344 0.839844 0.039062 0.032813
0 0.164062 0.873437 0.037500 0.028125
0 0.179688 0.908594 0.040625 0.032813
0 0.196875 0.940625 0.050000 0.031250
0 0.210156 0.967969 0.045312 0.020313
0 0.223438 0.988281 0.037500 0.017188
0 0.047656 0.696875 0.035937 0.034375
0 0.064062 0.733594 0.031250 0.032813
0 0.078125 0.766406 0.050000 0.035937
0 0.089844 0.793750 0.032813 0.025000
0 0.101562 0.818750 0.028125 0.028125
0 0.113281 0.847656 0.035937 0.029687
0 0.129688 0.877344 0.037500 0.032813
0 0.140625 0.907813 0.037500 0.037500
0 0.150000 0.935156 0.037500 0.026562
0 0.164062 0.960156 0.046875 0.023438
0 0.171875 0.982812 0.050000 0.025000
0 0.014844 0.692187 0.026562 0.043750
0 0.018750 0.734375 0.034375 0.034375
0 0.028125 0.771094 0.037500 0.035937
0 0.042188 0.801562 0.046875 0.037500
0 0.061719 0.836719 0.042188 0.029687
0 0.073438 0.867188 0.043750 0.034375
0 0.091406 0.901563 0.051562 0.037500
0 0.104688 0.928906 0.040625 0.026562
0 0.116406 0.956250 0.035937 0.031250
0 0.123438 0.982031 0.046875 0.029687
0 0.007031 0.782813 0.014063 0.050000
0 0.031250 0.857812 0.034375 0.050000
0 0.046875 0.899219 0.034375 0.039062
0 0.067187 0.933594 0.043750 0.032813
0 0.075000 0.958594 0.037500 0.023438
0 0.082812 0.981250 0.043750 0.028125
0 0.015625 0.867969 0.025000 0.042188
0 0.017188 0.903906 0.031250 0.026562
0 0.029687 0.937500 0.037500 0.034375
0 0.042969 0.966406 0.032813 0.023438
0 0.046875 0.982031 0.037500 0.023438
0 0.021875 0.934375 0.010000 0.010000
0 0.013281 0.957031 0.026562 0.051562
0 0.017188 0.979688 0.021875 0.028125
