0 0.573438 0.016406 0.059375 0.029687
0 0.589063 0.047656 0.050000 0.029687
0 0.602344 0.085938 0.039062 0.037500
0 0.520312 0.014063 0.043750 0.025000
0 0.535937 0.043750 0.043750 0.031250
0 0.546094 0.073438 0.051562 0.025000
0 0.561719 0.103906 0.045312 0.029687
0 0.581250 0.133594 0.050000 0.023438
0 0.588281 0.158594 0.045312 0.020313
0 0.598437 0.192969 0.046875 0.042188
0 0.478125 0.012500 0.028125 0.021875
0 0.489063 0.039062 0.037500 0.028125
0 0.500000 0.066406 0.034375 0.023438
0 0.507812 0.093750 0.031250 0.025000
0 0.523438 0.121875 0.034375 0.025000
0 0.538281 0.150000 0.029687 0.025000
0 0.544531 0.175781 0.026562 0.026562
0 0.553906 0.203906 0.039062 0.026562
0 0.570312 0.232031 0.043750 0.023438
0 0.582031 0.258594 0.045312 0.023438
0 0.589844 0.281250 0.045312 0.018750
0 0.597656 0.303906 0.035937 0.026562
0 0.437500 0.010937 0.043750 0.018750
0 0.446094 0.032813 0.039062 0.021875
0 0.456250 0.060156 0.043750 0.023438
0 0.464062 0.084375 0.037500 0.021875
0 0.478125 0.110937 0.037500 0.025000
0 0.486719 0.135937 0.029687 0.021875
0 0.496875 0.166406 0.034375 0.032813
0 0.511719 0.206250 0.032813 0.037500
0 0.528906 0.239844 0.032813 0.026562
0 0.536719 0.265625 0.026562 0.018750
0 0.562500 0.321094 0.043750 0.026562
0 0.550781 0.292969 0.039062 0.026562
0 0.582812 0.343750 0.025000 0.012500
0 0.597656 0.363281 0.032813 0.029687
0 0.405469 0.036719 0.035937 0.026562
0 0.394531 0.011719 0.039062 0.020313
0 0.412500 0.064062 0.034375 0.025000
0 0.425000 0.091406 0.037500 0.026562
0 0.433594 0.117188 0.045312 0.018750
0 0.439063 0.142187 0.037500 0.025000
0 0.458594 0.175000 0.042188 0.037500
0 0.473438 0.203906 0.034375 0.017188
0 0.478906 0.227344 0.039062 0.023438
0 0.491406 0.250000 0.039062 0.015625
0 0.500781 0.275781 0.039062 0.026562
0 0.508594 0.296875 0.014063 0.012500
0 0.521875 0.316406 0.037500 0.023438
0 0.551562 0.367969 0.050000 0.032813
0 0.542188 0.339844 0.050000 0.020313
0 0.564844 0.394531 0.048438 0.017188
0 0.571875 0.414062 0.040625 0.015625
0 0.583594 0.437500 0.039062 0.028125
0 0.345313 0.010937 0.043750 0.018750
0 0.357031 0.032031 0.045312 0.020313
0 0.368750 0.053125 0.046875 0.018750
0 0.375000 0.077344 0.040625 0.023438
0 0.385937 0.103906 0.028125 0.020313
0 0.391406 0.128125 0.039062 0.021875
0 0.403906 0.150781 0.029687 0.023438
0 0.428125 0.205469 0.037500 0.020313
0 0.440625 0.232813 0.037500 0.031250
0 0.412500 0.178906 0.046875 0.029687
0 0.452344 0.262500 0.035937 0.025000
0 0.462500 0.288281 0.031250 0.026562
0 0.492188 0.349219 0.031250 0.026562
0 0.477344 0.318750 0.032813 0.034375
0 0.504687 0.375781 0.040625 0.023438
0 0.518750 0.402344 0.043750 0.023438
0 0.532031 0.427344 0.045312 0.020313
0 0.541406 0.451562 0.042188 0.025000
0 0.559375 0.476562 0.037500 0.021875
0 0.564844 0.500781 0.042188 0.026562
0 0.575781 0.534375 0.039062 0.034375
0 0.306250 0.012500 0.037500 0.021875
0 0.312500 0.038281 0.043750 0.026562
0 0.325000 0.068750 0.050000 0.028125
0 0.338281 0.102344 0.048438 0.032813
0 0.349219 0.125781 0.035937 0.017188
0 0.355469 0.147656 0.023438 0.020313
0 0.370312 0.170313 0.034375 0.021875
0 0.378906 0.196094 0.042188 0.026562
0 0.396094 0.225781 0.051562 0.029687
0 0.408594 0.258594 0.051562 0.026562
0 0.418750 0.292187 0.050000 0.037500
0 0.438281 0.328125 0.042188 0.031250
0 0.456250 0.360156 0.037500 0.032813
0 0.469531 0.393750 0.042188 0.028125
0 0.485938 0.421875 0.043750 0.028125
0 0.496875 0.453906 0.043750 0.029687
0 0.517188 0.483594 0.046875 0.023438
0 0.520312 0.511719 0.046875 0.026562
0 0.530469 0.539844 0.051562 0.026562
0 0.548438 0.565625 0.053125 0.021875
0 0.557813 0.591406 0.050000 0.026562
0 0.567969 0.624219 0.045312 0.039062
0 0.263281 0.014063 0.042188 0.021875
0 0.269531 0.040625 0.042188 0.031250
0 0.282031 0.074219 0.032813 0.029687
0 0.299219 0.108594 0.045312 0.032813
0 0.314063 0.139844 0.053125 0.029687
0 0.329688 0.172656 0.043750 0.032813
0 0.345313 0.206250 0.043750 0.031250
0 0.356250 0.236719 0.040625 0.029687
0 0.368750 0.266406 0.040625 0.026562
0 0.376563 0.296875 0.034375 0.028125
0 0.396094 0.329688 0.039062 0.031250
0 0.415625 0.362500 0.040625 0.028125
0 0.425000 0.393750 0.046875 0.034375
0 0.439063 0.425781 0.046875 0.026562
0 0.453125 0.457031 0.043750 0.032813
0 0.464844 0.490625 0.051562 0.028125
0 0.474219 0.517969 0.042188 0.020313
0 0.482812 0.542188 0.046875 0.025000
0 0.496875 0.567969 0.050000 0.026562
0 0.509375 0.595313 0.043750 0.025000
0 0.223438 0.014844 0.034375 0.026562
0 0.230469 0.044531 0.035937 0.023438
0 0.244531 0.076563 0.039062 0.034375
0 0.253125 0.110156 0.040625 0.026562
0 0.263281 0.139063 0.042188 0.028125
0 0.282813 0.169531 0.043750 0.026562
0 0.300000 0.200000 0.053125 0.028125
0 0.308594 0.230469 0.048438 0.029687
0 0.321875 0.263281 0.043750 0.029687
0 0.333594 0.296875 0.045312 0.034375
0 0.346875 0.332813 0.053125 0.031250
0 0.364063 0.371875 0.059375 0.037500
0 0.378906 0.407813 0.045312 0.028125
0 0.393750 0.438281 0.046875 0.026562
0 0.407813 0.466406 0.040625 0.026562
0 0.415625 0.497656 0.046875 0.029687
0 0.437500 0.526563 0.037500 0.025000
0 0.443750 0.554688 0.043750 0.025000
0 0.460938 0.578906 0.040625 0.023438
0 0.466406 0.604688 0.042188 0.025000
0 0.487500 0.630469 0.050000 0.026562
0 0.526563 0.626563 0.034375 0.031250
0 0.184375 0.016406 0.037500 0.026562
0 0.189062 0.046094 0.043750 0.026562
0 0.201563 0.074219 0.046875 0.023438
0 0.208594 0.104688 0.039062 0.028125
0 0.221094 0.134375 0.039062 0.025000
0 0.236719 0.160938 0.048438 0.028125
0 0.248438 0.190625 0.046875 0.031250
0 0.260156 0.222656 0.045312 0.029687
0 0.275000 0.253906 0.046875 0.029687
0 0.288281 0.285156 0.039062 0.026562
0 0.300781 0.314063 0.039062 0.028125
0 0.309375 0.345313 0.040625 0.028125
0 0.321875 0.375781 0.040625 0.026562
0 0.333594 0.407031 0.039062 0.029687
0 0.349219 0.439063 0.042188 0.031250
0 0.368750 0.470313 0.034375 0.028125
0 0.371875 0.500781 0.037500 0.029687
0 0.394531 0.532813 0.045312 0.025000
0 0.404687 0.560937 0.040625 0.028125
0 0.420312 0.590625 0.043750 0.028125
0 0.432031 0.615625 0.035937 0.021875
0 0.137500 0.014844 0.050000 0.026562
0 0.145313 0.045312 0.046875 0.028125
0 0.154688 0.073438 0.043750 0.028125
0 0.165625 0.100000 0.037500 0.025000
0 0.174219 0.125000 0.035937 0.021875
0 0.187500 0.149219 0.040625 0.023438
0 0.195312 0.175000 0.034375 0.025000
0 0.205469 0.200000 0.035937 0.025000
0 0.218750 0.226562 0.031250 0.021875
0 0.230469 0.251563 0.035937 0.021875
0 0.242969 0.275781 0.048438 0.029687
0 0.255469 0.302344 0.042188 0.023438
0 0.267188 0.326562 0.037500 0.021875
0 0.276562 0.348438 0.037500 0.018750
0 0.284375 0.375000 0.034375 0.028125
0 0.299219 0.403125 0.035937 0.025000
0 0.309375 0.427344 0.034375 0.023438
0 0.311719 0.450781 0.032813 0.023438
0 0.330469 0.477344 0.042188 0.026562
0 0.335156 0.503906 0.032813 0.026562
0 0.349219 0.531250 0.045312 0.025000
0 0.360938 0.556250 0.037500 0.025000
0 0.372656 0.586719 0.042188 0.029687
0 0.390625 0.616406 0.043750 0.026562
0 0.398438 0.645312 0.043750 0.028125
0 0.440625 0.639844 0.040625 0.026562
0 0.091406 0.014063 0.039062 0.025000
0 0.100000 0.039844 0.037500 0.026562
0 0.110156 0.065625 0.035937 0.021875
0 0.120313 0.089844 0.034375 0.023438
0 0.131250 0.112500 0.040625 0.025000
0 0.145313 0.136719 0.031250 0.017188
0 0.154688 0.161719 0.031250 0.023438
0 0.164062 0.189844 0.037500 0.029687
0 0.175000 0.216406 0.028125 0.020313
0 0.190625 0.238281 0.037500 0.020313
0 0.196875 0.263281 0.028125 0.020313
0 0.205469 0.288281 0.032813 0.023438
0 0.218750 0.314063 0.037500 0.018750
0 0.228125 0.335938 0.034375 0.018750
0 0.238281 0.360156 0.045312 0.023438
0 0.243750 0.384375 0.040625 0.018750
0 0.253906 0.407031 0.048438 0.023438
0 0.269531 0.431250 0.039062 0.021875
0 0.275000 0.455469 0.037500 0.023438
0 0.289062 0.478906 0.037500 0.023438
0 0.302344 0.503906 0.032813 0.029687
0 0.309375 0.532813 0.040625 0.031250
0 0.320312 0.562500 0.040625 0.021875
0 0.329688 0.588281 0.040625 0.026562
0 0.347656 0.614844 0.035937 0.020313
0 0.357031 0.639062 0.039062 0.021875
0 0.050781 0.013281 0.039062 0.023438
0 0.058594 0.039062 0.035937 0.021875
0 0.069531 0.064062 0.039062 0.021875
0 0.079687 0.088281 0.040625 0.020313
0 0.090625 0.111719 0.037500 0.023438
0 0.100781 0.138281 0.045312 0.026562
0 0.113281 0.164844 0.039062 0.023438
0 0.125781 0.190625 0.032813 0.028125
0 0.138281 0.221094 0.045312 0.029687
0 0.150000 0.249219 0.037500 0.023438
0 0.162500 0.278125 0.037500 0.028125
0 0.178125 0.308594 0.037500 0.029687
0 0.189844 0.340625 0.039062 0.028125
0 0.198437 0.364063 0.021875 0.015625
0 0.210156 0.386719 0.026562 0.023438
0 0.216406 0.415625 0.029687 0.028125
0 0.235937 0.444531 0.034375 0.026562
0 0.246094 0.473438 0.029687 0.021875
0 0.258594 0.497656 0.042188 0.029687
0 0.269531 0.527344 0.032813 0.023438
0 0.280469 0.550781 0.029687 0.020313
0 0.291406 0.575781 0.035937 0.023438
0 0.300781 0.601562 0.035937 0.021875
0 0.312500 0.627344 0.050000 0.026562
0 0.323437 0.653906 0.037500 0.023438
0 0.017188 0.021875 0.031250 0.037500
0 0.027344 0.055469 0.042188 0.023438
0 0.034375 0.082031 0.040625 0.026562
0 0.046094 0.110156 0.045312 0.026562
0 0.060937 0.140625 0.037500 0.031250
0 0.074219 0.170313 0.035937 0.025000
0 0.083594 0.200781 0.045312 0.029687
0 0.098437 0.231250 0.037500 0.031250
0 0.110937 0.262500 0.050000 0.028125
0 0.128125 0.292969 0.040625 0.035937
0 0.142187 0.324219 0.046875 0.026562
0 0.151562 0.356250 0.040625 0.031250
0 0.171094 0.386719 0.048438 0.023438
0 0.179688 0.417187 0.037500 0.031250
0 0.200781 0.450781 0.039062 0.032813
0 0.215625 0.482031 0.040625 0.026562
0 0.221875 0.507031 0.040625 0.023438
0 0.231250 0.531250 0.050000 0.034375
0 0.248438 0.561719 0.037500 0.020313
0 0.258594 0.586719 0.032813 0.026562
0 0.267188 0.614844 0.037500 0.023438
0 0.277344 0.640625 0.035937 0.025000
0 0.285938 0.661719 0.034375 0.017188
0 0.008594 0.078906 0.017188 0.035937
0 0.016406 0.114062 0.032813 0.034375
0 0.024219 0.151562 0.039062 0.034375
0 0.033594 0.185938 0.042188 0.028125
0 0.048438 0.219531 0.043750 0.029687
0 0.062500 0.246875 0.040625 0.021875
0 0.070312 0.275781 0.040625 0.026562
0 0.085938 0.302344 0.037500 0.023438
0 0.094531 0.326562 0.045312 0.025000
0 0.109375 0.353906 0.043750 0.023438
0 0.120313 0.382031 0.040625 0.029687
0 0.135937 0.416406 0.046875 0.032813
0 0.152344 0.448437 0.051562 0.028125
0 0.164844 0.481250 0.048438 0.028125
0 0.177344 0.512500 0.039062 0.034375
0 0.190625 0.543750 0.034375 0.028125
0 0.209375 0.571094 0.037500 0.023438
0 0.220312 0.598437 0.037500 0.028125
0 0.227344 0.621875 0.035937 0.018750
0 0.239844 0.645312 0.035937 0.028125
0 0.012500 0.185938 0.021875 0.040625
0 0.019531 0.225000 0.032813 0.031250
0 0.026562 0.257812 0.043750 0.031250
0 0.034375 0.285156 0.034375 0.026562
0 0.049219 0.313281 0.039062 0.026562
0 0.057813 0.342969 0.037500 0.029687
0 0.072656 0.372656 0.045312 0.026562
0 0.084375 0.395313 0.037500 0.025000
0 0.096094 0.420312 0.032813 0.021875
0 0.107031 0.446875 0.039062 0.025000
0 0.120313 0.473438 0.037500 0.025000
0 0.135156 0.503906 0.039062 0.032813
0 0.150000 0.535937 0.037500 0.028125
0 0.163281 0.566406 0.042188 0.029687
0 0.176563 0.597656 0.046875 0.029687
0 0.192188 0.628906 0.050000 0.026562
0 0.202344 0.653906 0.042188 0.020313
0 0.015625 0.303906 0.028125 0.045312
0 0.025000 0.343750 0.040625 0.034375
0 0.035156 0.375781 0.029687 0.029687
0 0.046094 0.407031 0.035937 0.029687
0 0.065625 0.435937 0.037500 0.025000
0 0.074219 0.462500 0.029687 0.025000
0 0.089063 0.492188 0.040625 0.028125
0 0.096875 0.521094 0.037500 0.026562
0 0.112500 0.552344 0.037500 0.029687
0 0.125781 0.581250 0.029687 0.025000
0 0.137500 0.608594 0.034375 0.026562
0 0.012500 0.387500 0.021875 0.043750
0 0.021875 0.427344 0.040625 0.029687
0 0.025781 0.455469 0.032813 0.029687
0 0.042188 0.487500 0.040625 0.028125
0 0.055469 0.515625 0.045312 0.025000
0 0.092188 0.562500 0.010000 0.010000
0 0.078906 0.578125 0.039062 0.025000
0 0.067187 0.547656 0.043750 0.032813
0 0.094531 0.609375 0.045312 0.031250
0 0.108594 0.639062 0.045312 0.025000
0 0.010937 0.478906 0.018750 0.039062
0 0.017969 0.517969 0.032813 0.032813
0 0.025000 0.552344 0.037500 0.029687
0 0.039062 0.584375 0.037500 0.028125
0 0.054688 0.612500 0.031250 0.028125
0 0.011719 0.578906 0.020313 0.032813
0 0.021875 0.613281 0.034375 0.029687
0 0.542188 0.659375 0.043750 0.025000
0 0.566406 0.695312 0.042188 0.037500
0 0.573438 0.668750 0.015625 0.018750
0 0.496094 0.657031 0.032813 0.020313
0 0.513281 0.685156 0.032813 0.026562
0 0.525781 0.710938 0.039062 0.021875
0 0.539844 0.735938 0.035937 0.025000
0 0.555469 0.764062 0.032813 0.021875
0 0.568750 0.789062 0.028125 0.025000
0 0.457813 0.666406 0.053125 0.023438
0 0.472656 0.690625 0.045312 0.025000
0 0.484375 0.717969 0.043750 0.029687
0 0.498437 0.746094 0.046875 0.029687
0 0.510938 0.774219 0.046875 0.026562
0 0.526563 0.803125 0.046875 0.025000
0 0.542188 0.831250 0.040625 0.028125
0 0.556250 0.862500 0.040625 0.034375
0 0.416406 0.673438 0.032813 0.025000
0 0.430469 0.700000 0.035937 0.028125
0 0.447656 0.730469 0.042188 0.026562
0 0.456250 0.759375 0.034375 0.025000
0 0.467969 0.785156 0.032813 0.026562
0 0.482031 0.814063 0.042188 0.028125
0 0.500000 0.843750 0.043750 0.028125
0 0.514844 0.872656 0.039062 0.026562
0 0.529687 0.898438 0.034375 0.025000
0 0.539062 0.924219 0.034375 0.023438
0 0.557813 0.950781 0.040625 0.029687
0 0.563281 0.975781 0.023438 0.017188
0 0.373437 0.665625 0.046875 0.031250
0 0.387500 0.696875 0.043750 0.028125
0 0.400781 0.727344 0.045312 0.029687
0 0.413281 0.756250 0.048438 0.028125
0 0.428125 0.784375 0.043750 0.025000
0 0.435937 0.810937 0.040625 0.021875
0 0.450000 0.838281 0.040625 0.026562
0 0.462500 0.867188 0.046875 0.025000
0 0.476562 0.892969 0.043750 0.023438
0 0.492188 0.919531 0.043750 0.029687
0 0.507031 0.950000 0.042188 0.028125
0 0.522656 0.975781 0.042188 0.020313
0 0.536719 0.990625 0.032813 0.015625
0 0.332031 0.675781 0.032813 0.017188
0 0.346094 0.700000 0.039062 0.031250
0 0.356250 0.731250 0.037500 0.025000
0 0.368750 0.758594 0.043750 0.026562
0 0.384375 0.786719 0.043750 0.023438
0 0.393750 0.812500 0.040625 0.021875
0 0.403906 0.839844 0.039062 0.032813
0 0.421875 0.869531 0.031250 0.023438
0 0.435937 0.896875 0.040625 0.028125
0 0.450781 0.925781 0.032813 0.026562
0 0.465625 0.952344 0.034375 0.023438
0 0.475781 0.975781 0.042188 0.023438
0 0.486719 0.992188 0.035937 0.012500
0 0.298438 0.682031 0.040625 0.020313
0 0.306250 0.705469 0.040625 0.029687
0 0.318750 0.734375 0.034375 0.025000
0 0.332031 0.762500 0.032813 0.025000
0 0.343750 0.788281 0.034375 0.026562
0 0.357031 0.815625 0.042188 0.028125
0 0.366406 0.848437 0.035937 0.028125
0 0.385937 0.879687 0.046875 0.028125
0 0.396094 0.909375 0.035937 0.025000
0 0.413281 0.932813 0.039062 0.025000
0 0.422656 0.960938 0.051562 0.028125
0 0.438281 0.986719 0.039062 0.020313
0 0.253906 0.673438 0.032813 0.025000
0 0.263281 0.700781 0.039062 0.023438
0 0.274219 0.729688 0.042188 0.031250
0 0.289062 0.760156 0.046875 0.029687
0 0.303906 0.792188 0.045312 0.031250
0 0.315625 0.821875 0.037500 0.025000
0 0.325781 0.850000 0.042188 0.028125
0 0.337500 0.877344 0.043750 0.026562
0 0.357812 0.905469 0.043750 0.029687
0 0.367188 0.937500 0.043750 0.037500
0 0.390625 0.979688 0.040625 0.031250
0 0.214844 0.683594 0.042188 0.035937
0 0.226562 0.717187 0.040625 0.028125
0 0.239063 0.750000 0.040625 0.031250
0 0.257031 0.784375 0.042188 0.034375
0 0.272656 0.820312 0.042188 0.031250
0 0.282813 0.850000 0.037500 0.025000
0 0.297656 0.881250 0.042188 0.031250
0 0.314063 0.912500 0.040625 0.028125
0 0.328125 0.947656 0.037500 0.029687
0 0.344531 0.970313 0.048438 0.025000
0 0.349219 0.989844 0.048438 0.014063
0 0.151562 0.641406 0.034375 0.026562
0 0.160156 0.671094 0.045312 0.032813
0 0.172656 0.700781 0.042188 0.029687
0 0.186719 0.731250 0.042188 0.031250
0 0.200781 0.762500 0.039062 0.028125
0 0.212500 0.790625 0.046875 0.025000
0 0.221875 0.820312 0.046875 0.031250
0 0.235937 0.851562 0.040625 0.025000
0 0.253906 0.880469 0.039062 0.029687
0 0.271875 0.910937 0.043750 0.034375
0 0.286719 0.944531 0.042188 0.032813
0 0.295312 0.972656 0.050000 0.020313
0 0.301563 0.989844 0.046875 0.014063
0 0.116406 0.667188 0.042188 0.028125
0 0.129688 0.699219 0.037500 0.029687
0 0.144531 0.732031 0.039062 0.032813
0 0.161719 0.764062 0.032813 0.028125
0 0.168750 0.792969 0.037500 0.023438
0 0.184375 0.819531 0.031250 0.026562
0 0.194531 0.845313 0.039062 0.025000
0 0.208594 0.874219 0.039062 0.029687
0 0.225000 0.903125 0.040625 0.021875
0 0.236719 0.924219 0.039062 0.020313
0 0.247656 0.945312 0.039062 0.025000
0 0.253125 0.971094 0.043750 0.023438
0 0.261719 0.991406 0.026562 0.010937
0 0.064844 0.639844 0.039062 0.023438
0 0.069531 0.666406 0.032813 0.023438
0 0.082812 0.692187 0.037500 0.025000
0 0.094531 0.717969 0.035937 0.023438
0 0.105469 0.743750 0.045312 0.028125
0 0.121094 0.773438 0.039062 0.028125
0 0.135937 0.807031 0.040625 0.032813
0 0.150781 0.839844 0.039062 0.026562
0 0.166406 0.870313 0.035937 0.028125
0 0.182031 0.904687 0.035937 0.031250
0 0.197656 0.932031 0.039062 0.020313
0 0.203906 0.955469 0.035937 0.020313
0 0.212500 0.974219 0.037500 0.014063
0 0.218750 0.988281 0.040625 0.017188
0 0.027344 0.643750 0.039062 0.028125
0 0.035156 0.674219 0.039062 0.029687
0 0.046875 0.702344 0.040625 0.023438
0 0.060156 0.729688 0.032813 0.025000
0 0.071875 0.758594 0.037500 0.029687
0 0.083594 0.788281 0.045312 0.026562
0 0.097656 0.817187 0.035937 0.028125
0 0.113281 0.846875 0.039062 0.031250
0 0.125000 0.879687 0.043750 0.028125
0 0.141406 0.910156 0.039062 0.026562
0 0.154688 0.938281 0.043750 0.023438
0 0.145313 0.954688 0.010000 0.010000
0 0.164844 0.961719 0.039062 0.017188
0 0.172656 0.984375 0.045312 0.025000
0 0.011719 0.672656 0.020313 0.035937
0 0.014844 0.708594 0.026562 0.029687
0 0.023438 0.740625 0.037500 0.028125
0 0.032031 0.769531 0.032813 0.029687
0 0.044531 0.799219 0.039062 0.026562
0 0.061719 0.830469 0.032813 0.032813
0 0.075000 0.858594 0.031250 0.023438
0 0.082812 0.884375 0.031250 0.028125
0 0.096094 0.914844 0.039062 0.026562
0 0.110937 0.942187 0.037500 0.021875
0 0.127344 0.976562 0.035937 0.037500
0 0.010156 0.767188 0.017188 0.031250
0 0.017188 0.796875 0.028125 0.025000
0 0.023438 0.825781 0.034375 0.029687
0 0.031250 0.853125 0.040625 0.028125
0 0.046875 0.885156 0.034375 0.032813
0 0.061719 0.914844 0.039062 0.023438
0 0.073438 0.939063 0.037500 0.021875
0 0.089063 0.961719 0.043750 0.023438
0 0.093750 0.985938 0.034375 0.021875
0 0.011719 0.853125 0.017188 0.043750
0 0.016406 0.893750 0.032813 0.031250
0 0.025781 0.926562 0.039062 0.028125
0 0.035156 0.950781 0.045312 0.020313
0 0.050781 0.972656 0.051562 0.017188
0 0.051562 0.990625 0.050000 0.015625
0 0.009375 0.949219 0.018750 0.032813
