0 0.991406 0.014063 0.014063 0.025000
0 0.992969 0.040625 0.007812 0.021875
0 0.959375 0.015625 0.040625 0.025000
0 0.968750 0.042969 0.031250 0.020313
0 0.978125 0.065625 0.028125 0.025000
0 0.994531 0.082031 0.004687 0.017188
0 0.983594 0.089844 0.023438 0.023438
0 0.920312 0.014063 0.040625 0.025000
0 0.933594 0.041406 0.035937 0.026562
0 0.942187 0.069531 0.034375 0.026562
0 0.954688 0.097656 0.043750 0.020313
0 0.964844 0.126562 0.039062 0.034375
0 0.972656 0.160938 0.039062 0.021875
0 0.984375 0.187500 0.025000 0.021875
0 0.991406 0.122656 0.010937 0.026562
0 0.879687 0.014063 0.037500 0.021875
0 0.889062 0.036719 0.040625 0.032813
0 0.903906 0.071875 0.035937 0.028125
0 0.911719 0.104688 0.029687 0.028125
0 0.927344 0.136719 0.032813 0.029687
0 0.939063 0.166406 0.028125 0.032813
0 0.950000 0.194531 0.037500 0.029687
0 0.966406 0.229687 0.039062 0.031250
0 0.976562 0.257031 0.031250 0.020313
0 0.983594 0.278906 0.026562 0.026562
0 0.986719 0.302344 0.017188 0.020313
0 0.989844 0.210156 0.010937 0.026562
0 0.832812 0.014844 0.040625 0.023438
0 0.844531 0.039844 0.039062 0.023438
0 0.860156 0.065625 0.045312 0.031250
0 0.867969 0.093750 0.039062 0.025000
0 0.878906 0.120313 0.039062 0.031250
0 0.892188 0.144531 0.037500 0.029687
0 0.900000 0.169531 0.028125 0.026562
0 0.911719 0.194531 0.029687 0.023438
0 0.920312 0.215625 0.037500 0.025000
0 0.933594 0.241406 0.032813 0.026562
0 0.945312 0.266406 0.034375 0.029687
0 0.958594 0.300000 0.032813 0.037500
0 0.973437 0.332813 0.034375 0.021875
0 0.984375 0.358594 0.021875 0.026562
0 0.798438 0.017969 0.037500 0.029687
0 0.806250 0.052344 0.040625 0.032813
0 0.820312 0.085938 0.043750 0.031250
0 0.832031 0.114844 0.045312 0.029687
0 0.847656 0.148438 0.045312 0.031250
0 0.867969 0.184375 0.042188 0.034375
0 0.889844 0.218750 0.048438 0.034375
0 0.898438 0.253906 0.040625 0.035937
0 0.911719 0.285938 0.042188 0.028125
0 0.927344 0.315625 0.042188 0.028125
0 0.940625 0.342187 0.034375 0.031250
0 0.953906 0.369531 0.039062 0.029687
0 0.970313 0.393750 0.031250 0.028125
0 0.981250 0.415625 0.028125 0.021875
0 0.750781 0.013281 0.042188 0.020313
0 0.763281 0.039844 0.035937 0.029687
0 0.776563 0.070312 0.040625 0.025000
0 0.785156 0.095312 0.032813 0.031250
0 0.797656 0.123438 0.035937 0.028125
0 0.807813 0.147656 0.037500 0.026562
0 0.819531 0.175781 0.045312 0.026562
0 0.835156 0.196875 0.032813 0.018750
0 0.842969 0.224219 0.035937 0.029687
0 0.853906 0.253906 0.039062 0.029687
0 0.866406 0.285156 0.035937 0.026562
0 0.886719 0.315625 0.035937 0.031250
0 0.899219 0.346875 0.035937 0.028125
0 0.917188 0.376563 0.040625 0.028125
0 0.932031 0.407031 0.042188 0.029687
0 0.940625 0.438281 0.037500 0.026562
0 0.982031 0.441406 0.032813 0.029687
0 0.986719 0.468750 0.023438 0.031250
0 0.948438 0.466406 0.040625 0.026562
0 0.962500 0.493750 0.040625 0.028125
0 0.973437 0.521875 0.031250 0.028125
0 0.981250 0.548438 0.025000 0.021875
0 0.992188 0.497656 0.012500 0.023438
0 0.710156 0.014063 0.032813 0.025000
0 0.721875 0.039062 0.034375 0.025000
0 0.733594 0.070312 0.042188 0.025000
0 0.747656 0.096875 0.029687 0.028125
0 0.757031 0.123438 0.042188 0.028125
0 0.771094 0.152344 0.039062 0.026562
0 0.783594 0.178125 0.032813 0.028125
0 0.797656 0.211719 0.039062 0.032813
0 0.807031 0.244531 0.039062 0.029687
0 0.821875 0.276562 0.034375 0.031250
0 0.839844 0.310156 0.045312 0.026562
0 0.855469 0.337500 0.048438 0.028125
0 0.867969 0.364063 0.048438 0.028125
0 0.876563 0.390625 0.040625 0.028125
0 0.890625 0.421094 0.040625 0.029687
0 0.900781 0.450000 0.032813 0.021875
0 0.912500 0.475781 0.034375 0.026562
0 0.923438 0.500781 0.034375 0.020313
0 0.938281 0.525000 0.039062 0.025000
0 0.954688 0.559375 0.043750 0.037500
0 0.969531 0.592969 0.035937 0.026562
0 0.984375 0.616406 0.025000 0.020313
0 0.983594 0.564844 0.004687 0.014063
0 0.678125 0.015625 0.034375 0.028125
0 0.687500 0.042969 0.025000 0.023438
0 0.700781 0.071094 0.029687 0.029687
0 0.710938 0.100000 0.031250 0.025000
0 0.719531 0.132812 0.032813 0.028125
0 0.730469 0.164062 0.032813 0.031250
0 0.742969 0.194531 0.035937 0.026562
0 0.758594 0.227344 0.032813 0.029687
0 0.771875 0.258594 0.028125 0.029687
0 0.792188 0.285938 0.034375 0.028125
0 0.803125 0.313281 0.028125 0.032813
0 0.818750 0.346094 0.031250 0.029687
0 0.827344 0.376563 0.023438 0.031250
0 0.840625 0.406250 0.034375 0.018750
0 0.851562 0.432031 0.037500 0.023438
0 0.870313 0.457813 0.040625 0.025000
0 0.876563 0.483594 0.040625 0.023438
0 0.889062 0.514062 0.050000 0.031250
0 0.900781 0.539062 0.042188 0.028125
0 0.912500 0.569531 0.037500 0.029687
0 0.928906 0.597656 0.042188 0.026562
0 0.945312 0.625000 0.046875 0.025000
0 0.982812 0.640625 0.025000 0.025000
0 0.954688 0.653125 0.040625 0.021875
0 0.988281 0.666406 0.017188 0.017188
0 0.962500 0.674219 0.037500 0.014063
0 0.638281 0.013281 0.039062 0.023438
0 0.653125 0.039844 0.037500 0.026562
0 0.661719 0.067187 0.032813 0.025000
0 0.672656 0.090625 0.035937 0.025000
0 0.679688 0.119531 0.037500 0.023438
0 0.689063 0.141406 0.034375 0.029687
0 0.698438 0.170313 0.031250 0.028125
0 0.711719 0.200781 0.035937 0.026562
0 0.723437 0.231250 0.037500 0.031250
0 0.738281 0.260937 0.039062 0.031250
0 0.764844 0.292187 0.039062 0.031250
0 0.773438 0.323437 0.037500 0.028125
0 0.790625 0.356250 0.046875 0.034375
0 0.798438 0.386719 0.034375 0.026562
0 0.807813 0.416406 0.040625 0.029687
0 0.826562 0.446094 0.037500 0.026562
0 0.838281 0.475000 0.039062 0.028125
0 0.848437 0.506250 0.034375 0.028125
0 0.856250 0.540625 0.034375 0.034375
0 0.870313 0.571094 0.037500 0.032813
0 0.886719 0.603906 0.042188 0.032813
0 0.900000 0.637500 0.043750 0.031250
0 0.912500 0.667188 0.043750 0.025000
0 0.596875 0.015625 0.037500 0.025000
0 0.614844 0.041406 0.035937 0.020313
0 0.621875 0.062500 0.034375 0.025000
0 0.629687 0.088281 0.031250 0.023438
0 0.639062 0.117969 0.034375 0.026562
0 0.652344 0.147656 0.032813 0.023438
0 0.666406 0.175781 0.032813 0.026562
0 0.677344 0.203906 0.032813 0.023438
0 0.685156 0.231250 0.029687 0.031250
0 0.699219 0.261719 0.032813 0.026562
0 0.713281 0.287500 0.032813 0.021875
0 0.731250 0.316406 0.040625 0.032813
0 0.743750 0.344531 0.040625 0.026562
0 0.753906 0.378906 0.035937 0.029687
0 0.768750 0.410938 0.034375 0.028125
0 0.784375 0.441406 0.040625 0.026562
0 0.795312 0.468750 0.043750 0.025000
0 0.807031 0.496094 0.042188 0.029687
0 0.821094 0.526563 0.035937 0.021875
0 0.833594 0.553906 0.023438 0.029687
0 0.845313 0.585938 0.043750 0.025000
0 0.858594 0.614844 0.045312 0.020313
0 0.874219 0.639062 0.039062 0.021875
0 0.878125 0.661719 0.034375 0.014063
0 0.560156 0.012500 0.029687 0.018750
0 0.575000 0.034375 0.031250 0.021875
0 0.581250 0.057031 0.037500 0.020313
0 0.587500 0.076563 0.028125 0.018750
0 0.592969 0.096094 0.029687 0.017188
0 0.603906 0.117969 0.032813 0.017188
0 0.611719 0.142969 0.039062 0.026562
0 0.625781 0.169531 0.042188 0.023438
0 0.640625 0.197656 0.031250 0.020313
0 0.646094 0.223438 0.039062 0.025000
0 0.647656 0.249219 0.035937 0.020313
0 0.660937 0.271094 0.040625 0.014063
0 0.678125 0.290625 0.031250 0.018750
0 0.692969 0.317188 0.035937 0.021875
0 0.706250 0.345313 0.043750 0.028125
0 0.722656 0.372656 0.042188 0.032813
0 0.729688 0.405469 0.043750 0.023438
0 0.739062 0.435937 0.034375 0.021875
0 0.753125 0.464062 0.040625 0.028125
0 0.763281 0.500000 0.045312 0.040625
0 0.782031 0.534375 0.048438 0.028125
0 0.800781 0.565625 0.048438 0.028125
0 0.812500 0.595313 0.037500 0.028125
0 0.818750 0.619531 0.037500 0.020313
0 0.835156 0.641406 0.035937 0.023438
0 0.842187 0.669531 0.040625 0.020313
0 0.878906 0.679688 0.026562 0.018750
0 0.526563 0.010937 0.037500 0.018750
0 0.533594 0.032031 0.042188 0.023438
0 0.536719 0.057813 0.039062 0.021875
0 0.550000 0.081250 0.046875 0.021875
0 0.564844 0.110937 0.039062 0.025000
0 0.571094 0.134375 0.039062 0.018750
0 0.575000 0.158594 0.028125 0.026562
0 0.587500 0.182031 0.043750 0.020313
0 0.598437 0.200781 0.037500 0.026562
0 0.610156 0.228125 0.035937 0.025000
0 0.615625 0.251563 0.034375 0.025000
0 0.632812 0.279687 0.040625 0.025000
0 0.644531 0.307031 0.045312 0.029687
0 0.654687 0.332031 0.037500 0.023438
0 0.666406 0.360156 0.042188 0.032813
0 0.679688 0.392969 0.031250 0.026562
0 0.696094 0.420312 0.032813 0.025000
0 0.702344 0.450000 0.042188 0.028125
0 0.716406 0.484375 0.039062 0.034375
0 0.729688 0.517969 0.037500 0.029687
0 0.741406 0.550000 0.039062 0.031250
0 0.757031 0.578906 0.045312 0.023438
0 0.771094 0.604688 0.035937 0.028125
0 0.788281 0.633594 0.035937 0.023438
0 0.796094 0.664062 0.035937 0.031250
0 0.483594 0.014844 0.045312 0.020313
0 0.491406 0.036719 0.032813 0.023438
0 0.502344 0.063281 0.035937 0.029687
0 0.512500 0.092969 0.031250 0.023438
0 0.524219 0.120313 0.032813 0.031250
0 0.532813 0.150781 0.034375 0.020313
0 0.542969 0.176563 0.035937 0.025000
0 0.557031 0.207031 0.035937 0.029687
0 0.578125 0.231250 0.034375 0.025000
0 0.582812 0.258594 0.034375 0.026562
0 0.593750 0.285156 0.037500 0.029687
0 0.610938 0.315625 0.034375 0.028125
0 0.623437 0.350000 0.034375 0.028125
0 0.634375 0.382812 0.031250 0.031250
0 0.649219 0.414062 0.039062 0.025000
0 0.655469 0.438281 0.039062 0.020313
0 0.667969 0.460938 0.029687 0.025000
0 0.680469 0.490625 0.029687 0.028125
0 0.689063 0.514844 0.034375 0.023438
0 0.703125 0.541406 0.037500 0.026562
0 0.715625 0.572656 0.034375 0.026562
0 0.725781 0.602344 0.035937 0.026562
0 0.744531 0.632812 0.042188 0.034375
0 0.757031 0.665625 0.045312 0.028125
0 0.764062 0.691406 0.037500 0.023438
0 0.771094 0.716406 0.035937 0.023438
0 0.780469 0.744531 0.039062 0.029687
0 0.807813 0.692187 0.037500 0.025000
0 0.806250 0.718750 0.037500 0.021875
0 0.445312 0.010937 0.034375 0.021875
0 0.450781 0.038281 0.035937 0.026562
0 0.462500 0.069531 0.037500 0.026562
0 0.475781 0.100781 0.035937 0.032813
0 0.489844 0.134375 0.042188 0.034375
0 0.507812 0.167969 0.031250 0.029687
0 0.511719 0.193750 0.029687 0.021875
0 0.528906 0.217188 0.035937 0.031250
0 0.539844 0.242188 0.042188 0.025000
0 0.552344 0.268750 0.029687 0.025000
0 0.564844 0.294531 0.026562 0.029687
0 0.573438 0.327344 0.031250 0.026562
0 0.585938 0.355469 0.034375 0.020313
0 0.596875 0.382031 0.034375 0.023438
0 0.606250 0.407031 0.025000 0.026562
0 0.617969 0.432812 0.032813 0.018750
0 0.625781 0.458594 0.029687 0.023438
0 0.639844 0.483594 0.020313 0.029687
0 0.652344 0.514062 0.035937 0.025000
0 0.657813 0.491406 0.025000 0.029687
0 0.661719 0.548438 0.039062 0.034375
0 0.678125 0.581250 0.040625 0.025000
0 0.690625 0.608594 0.037500 0.029687
0 0.707812 0.642188 0.046875 0.031250
0 0.714844 0.667188 0.035937 0.018750
0 0.410156 0.014063 0.035937 0.021875
0 0.414844 0.038281 0.029687 0.020313
0 0.425000 0.061719 0.028125 0.023438
0 0.431250 0.088281 0.031250 0.023438
0 0.439063 0.110937 0.031250 0.021875
0 0.453906 0.134375 0.039062 0.021875
0 0.463281 0.159375 0.032813 0.028125
0 0.482031 0.190625 0.039062 0.028125
0 0.494531 0.221875 0.035937 0.031250
0 0.508594 0.251563 0.042188 0.025000
0 0.517188 0.283594 0.040625 0.026562
0 0.536719 0.310937 0.032813 0.031250
0 0.543750 0.342969 0.028125 0.023438
0 0.553125 0.369531 0.031250 0.026562
0 0.567969 0.397656 0.032813 0.026562
0 0.576562 0.426563 0.037500 0.031250
0 0.585938 0.458594 0.031250 0.026562
0 0.596875 0.485938 0.034375 0.028125
0 0.605469 0.517188 0.029687 0.034375
0 0.621094 0.549219 0.035937 0.026562
0 0.631250 0.575000 0.034375 0.018750
0 0.643750 0.599219 0.031250 0.023438
0 0.650781 0.621094 0.032813 0.020313
0 0.359375 0.010937 0.043750 0.021875
0 0.371094 0.035937 0.035937 0.025000
0 0.383594 0.062500 0.032813 0.025000
0 0.392969 0.086719 0.032813 0.026562
0 0.403125 0.110937 0.037500 0.031250
0 0.419531 0.139844 0.032813 0.026562
0 0.432812 0.164844 0.034375 0.026562
0 0.444531 0.192188 0.029687 0.025000
0 0.457031 0.217969 0.035937 0.023438
0 0.470313 0.246875 0.028125 0.028125
0 0.482812 0.276562 0.034375 0.028125
0 0.491406 0.305469 0.035937 0.026562
0 0.507812 0.339062 0.034375 0.031250
0 0.523438 0.370312 0.031250 0.031250
0 0.532031 0.400000 0.032813 0.034375
0 0.544531 0.435937 0.032813 0.037500
0 0.554688 0.467969 0.031250 0.026562
0 0.571875 0.497656 0.034375 0.029687
0 0.577344 0.525781 0.029687 0.026562
0 0.589063 0.557813 0.037500 0.031250
0 0.605469 0.585938 0.039062 0.028125
0 0.614062 0.609375 0.028125 0.021875
0 0.625781 0.628906 0.029687 0.017188
0 0.321094 0.012500 0.029687 0.021875
0 0.332031 0.036719 0.029687 0.020313
0 0.340625 0.057031 0.037500 0.017188
0 0.344531 0.080469 0.042188 0.026562
0 0.360156 0.106250 0.042188 0.028125
0 0.372656 0.134375 0.035937 0.025000
0 0.394531 0.162500 0.039062 0.021875
0 0.410938 0.190625 0.040625 0.021875
0 0.418750 0.217969 0.034375 0.023438
0 0.428125 0.246094 0.040625 0.032813
0 0.446875 0.274219 0.025000 0.026562
0 0.457031 0.306250 0.042188 0.028125
0 0.467187 0.332031 0.034375 0.020313
0 0.479687 0.357031 0.028125 0.026562
0 0.492969 0.382812 0.029687 0.021875
0 0.503125 0.408594 0.034375 0.029687
0 0.515625 0.435156 0.031250 0.023438
0 0.522656 0.458594 0.023438 0.017188
0 0.532031 0.485156 0.023438 0.026562
0 0.540625 0.516406 0.025000 0.017188
0 0.553125 0.534375 0.028125 0.018750
0 0.561719 0.561719 0.029687 0.023438
0 0.578906 0.585938 0.029687 0.028125
0 0.587500 0.614844 0.025000 0.020313
0 0.597656 0.636719 0.026562 0.020313
0 0.286719 0.014063 0.035937 0.028125
0 0.297656 0.032813 0.029687 0.015625
0 0.306250 0.051562 0.031250 0.018750
0 0.311719 0.068750 0.023438 0.018750
0 0.321094 0.092188 0.029687 0.025000
0 0.328906 0.117188 0.035937 0.021875
0 0.340625 0.139063 0.037500 0.021875
0 0.350781 0.160938 0.035937 0.025000
0 0.363281 0.186719 0.035937 0.020313
0 0.375781 0.207813 0.042188 0.025000
0 0.382812 0.230469 0.034375 0.026562
0 0.390625 0.259375 0.034375 0.025000
0 0.411719 0.278125 0.042188 0.025000
0 0.417969 0.303125 0.029687 0.025000
0 0.425781 0.328906 0.035937 0.020313
0 0.435156 0.353906 0.039062 0.023438
0 0.453906 0.380469 0.039062 0.026562
0 0.463281 0.405469 0.039062 0.023438
0 0.471094 0.433594 0.035937 0.029687
0 0.477344 0.462500 0.048438 0.025000
0 0.496094 0.489063 0.045312 0.025000
0 0.512500 0.514844 0.031250 0.026562
0 0.526563 0.549219 0.034375 0.026562
0 0.538281 0.576562 0.042188 0.025000
0 0.555469 0.604688 0.035937 0.021875
0 0.562500 0.631250 0.037500 0.025000
0 0.249219 0.014063 0.035937 0.028125
0 0.261719 0.043750 0.042188 0.028125
0 0.276562 0.072656 0.037500 0.032813
0 0.289844 0.107813 0.039062 0.031250
0 0.296094 0.139063 0.039062 0.025000
0 0.314844 0.167187 0.032813 0.028125
0 0.331250 0.196875 0.043750 0.025000
0 0.337500 0.227344 0.031250 0.026562
0 0.348438 0.256250 0.031250 0.028125
0 0.361719 0.285156 0.042188 0.023438
0 0.374219 0.311719 0.042188 0.023438
0 0.383594 0.336719 0.035937 0.029687
0 0.396875 0.365625 0.040625 0.025000
0 0.409375 0.396094 0.037500 0.029687
0 0.421875 0.419531 0.034375 0.029687
0 0.432812 0.450781 0.034375 0.026562
0 0.448437 0.482031 0.037500 0.026562
0 0.465625 0.507031 0.043750 0.029687
0 0.484375 0.535937 0.040625 0.021875
0 0.492969 0.560937 0.039062 0.028125
0 0.496094 0.589063 0.035937 0.025000
0 0.514062 0.608594 0.034375 0.017188
0 0.525781 0.632031 0.035937 0.023438
0 0.213281 0.010156 0.032813 0.020313
0 0.218750 0.035156 0.021875 0.026562
0 0.228906 0.061719 0.032813 0.026562
0 0.239844 0.089844 0.039062 0.023438
0 0.247656 0.114062 0.035937 0.025000
0 0.264062 0.141406 0.034375 0.023438
0 0.278906 0.168750 0.032813 0.028125
0 0.287500 0.196094 0.034375 0.023438
0 0.297656 0.223438 0.035937 0.028125
0 0.311719 0.254688 0.035937 0.031250
0 0.323437 0.285938 0.031250 0.031250
0 0.336719 0.315625 0.035937 0.031250
0 0.354687 0.346875 0.034375 0.034375
0 0.365625 0.380469 0.028125 0.032813
0 0.382031 0.413281 0.032813 0.026562
0 0.394531 0.438281 0.035937 0.032813
0 0.404687 0.472656 0.031250 0.029687
0 0.414062 0.500781 0.040625 0.023438
0 0.425781 0.528125 0.032813 0.031250
0 0.442969 0.560156 0.039062 0.029687
0 0.454688 0.591406 0.040625 0.029687
0 0.466406 0.617969 0.035937 0.023438
0 0.457813 0.535937 0.018750 0.018750
0 0.179688 0.018750 0.040625 0.034375
0 0.187500 0.053906 0.034375 0.023438
0 0.195312 0.080469 0.034375 0.023438
0 0.203906 0.107813 0.035937 0.031250
0 0.214844 0.138281 0.039062 0.026562
0 0.229687 0.164844 0.043750 0.032813
0 0.244531 0.196094 0.042188 0.032813
0 0.257812 0.230469 0.034375 0.029687
0 0.272656 0.262500 0.042188 0.031250
0 0.285156 0.292187 0.045312 0.031250
0 0.294531 0.324219 0.026562 0.035937
0 0.318750 0.354687 0.050000 0.021875
0 0.317969 0.335156 0.029687 0.023438
0 0.324219 0.379688 0.039062 0.025000
0 0.342187 0.406250 0.043750 0.031250
0 0.355469 0.439063 0.032813 0.028125
0 0.367188 0.474219 0.040625 0.039062
0 0.380469 0.516406 0.035937 0.032813
0 0.402344 0.550000 0.035937 0.031250
0 0.407813 0.582031 0.021875 0.032813
0 0.432031 0.615625 0.035937 0.025000
0 0.427344 0.583594 -0.014063 -0.023438
0 0.132812 0.016406 0.050000 0.026562
0 0.142969 0.046875 0.045312 0.034375
0 0.150000 0.082812 0.043750 0.031250
0 0.164062 0.113281 0.040625 0.026562
0 0.179688 0.145313 0.040625 0.034375
0 0.189844 0.182812 0.045312 0.031250
0 0.206250 0.213281 0.046875 0.023438
0 0.225781 0.240625 0.039062 0.031250
0 0.233594 0.271094 0.035937 0.032813
0 0.241406 0.303906 0.039062 0.029687
0 0.256250 0.334375 0.040625 0.025000
0 0.275781 0.361719 0.039062 0.026562
0 0.288281 0.395313 0.035937 0.031250
0 0.303906 0.425000 0.039062 0.025000
0 0.317969 0.458594 0.048438 0.029687
0 0.333594 0.486719 0.039062 0.026562
0 0.344531 0.515625 0.032813 0.028125
0 0.354687 0.546875 0.037500 0.025000
0 0.367188 0.575781 0.037500 0.029687
0 0.375781 0.606250 0.039062 0.025000
0 0.392969 0.628906 0.042188 0.017188
0 0.397656 0.648438 0.035937 0.015625
0 0.086719 0.013281 0.035937 0.026562
0 0.099219 0.041406 0.035937 0.029687
0 0.104688 0.067969 0.034375 0.023438
0 0.107813 0.088281 0.025000 0.020313
0 0.132812 0.107813 0.031250 0.021875
0 0.138281 0.136719 0.042188 0.020313
0 0.150000 0.165625 0.031250 0.025000
0 0.161719 0.190625 0.035937 0.018750
0 0.171094 0.212500 0.035937 0.018750
0 0.182031 0.235156 0.042188 0.017188
0 0.200781 0.258594 0.029687 0.023438
0 0.208594 0.278906 0.014063 0.007812
0 0.200000 0.286719 0.031250 0.023438
0 0.207813 0.307031 0.028125 0.020313
0 0.221094 0.339062 0.032813 0.028125
0 0.236719 0.365625 0.032813 0.021875
0 0.254688 0.392188 0.031250 0.025000
0 0.264062 0.420312 0.037500 0.025000
0 0.270313 0.445312 0.034375 0.025000
0 0.278906 0.468750 0.042188 0.021875
0 0.292187 0.490625 0.034375 0.025000
0 0.306250 0.520312 0.040625 0.025000
0 0.313281 0.542969 0.032813 0.026562
0 0.324219 0.574219 0.039062 0.029687
0 0.340625 0.601562 0.040625 0.025000
0 0.347656 0.628125 0.042188 0.028125
0 0.359375 0.650781 0.021875 0.017188
0 0.053125 0.011719 0.031250 0.020313
0 0.057813 0.033594 0.031250 0.023438
0 0.067969 0.061719 0.039062 0.023438
0 0.078125 0.090625 0.031250 0.028125
0 0.092188 0.115625 0.040625 0.021875
0 0.110937 0.142187 0.031250 0.028125
0 0.120313 0.174219 0.034375 0.032813
0 0.137500 0.206250 0.034375 0.031250
0 0.150781 0.230469 0.045312 0.023438
0 0.163281 0.257031 0.048438 0.026562
0 0.174219 0.279687 0.029687 0.025000
0 0.181250 0.305469 0.028125 0.026562
0 0.189062 0.335156 0.028125 0.020313
0 0.196875 0.360156 0.031250 0.023438
0 0.211719 0.386719 0.035937 0.026562
0 0.226562 0.407813 0.031250 0.015625
0 0.232813 0.434375 0.031250 0.031250
0 0.239063 0.464844 0.031250 0.029687
0 0.260156 0.500000 0.032813 0.034375
0 0.267969 0.526563 0.029687 0.025000
0 0.277344 0.551562 0.029687 0.025000
0 0.291406 0.572656 0.029687 0.014063
0 0.297656 0.594531 0.039062 0.026562
0 0.306250 0.620313 0.037500 0.028125
0 0.315625 0.645312 0.043750 0.015625
0 0.018750 0.007812 -0.034375 -0.015625
0 0.021094 0.028906 -0.035937 -0.023438
0 0.028125 0.055469 0.034375 0.020313
0 0.037500 0.078906 0.034375 0.029687
0 0.047656 0.110156 0.042188 0.026562
0 0.065625 0.139844 0.037500 0.026562
0 0.082812 0.171094 0.043750 0.026562
0 0.093750 0.200000 0.037500 0.021875
0 0.110156 0.223438 0.042188 0.028125
0 0.117969 0.253906 0.039062 0.026562
0 0.123438 0.277344 0.046875 0.023438
0 0.158594 0.283594 0.023438 0.026562
0 0.134375 0.302344 0.043750 0.020313
0 0.146875 0.328906 0.040625 0.026562
0 0.158594 0.353906 0.035937 0.026562
0 0.165625 0.378906 0.031250 0.026562
0 0.178906 0.404687 0.035937 0.021875
0 0.192969 0.425000 0.042188 0.021875
0 0.196875 0.446094 0.034375 0.023438
0 0.207813 0.475000 0.025000 0.028125
0 0.222656 0.503906 0.039062 0.023438
0 0.232813 0.528125 0.031250 0.021875
0 0.239844 0.552344 0.039062 0.026562
0 0.248438 0.581250 0.040625 0.025000
0 0.262500 0.608594 0.043750 0.020313
0 0.268750 0.630469 0.037500 0.023438
0 0.013281 0.072656 -0.020313 -0.048438
0 0.016406 0.112500 -0.023438 -0.034375
0 0.032031 0.147656 0.026562 0.029687
0 0.044531 0.178906 0.032813 0.029687
0 0.059375 0.213281 0.043750 0.032813
0 0.075781 0.247656 0.035937 0.020313
0 0.088281 0.275781 0.035937 0.035937
0 0.093750 0.308594 0.034375 0.029687
0 0.109375 0.335156 0.034375 0.026562
0 0.119531 0.357812 0.032813 0.025000
0 0.132812 0.384375 0.034375 0.025000
0 0.146875 0.413281 0.031250 0.026562
0 0.152344 0.440625 0.042188 0.021875
0 0.171094 0.470313 0.045312 0.028125
0 0.178906 0.496094 0.035937 0.017188
0 0.189844 0.516406 0.032813 0.023438
0 0.196094 0.541406 0.017188 0.029687
0 0.214062 0.544531 0.009375 0.029687
0 0.213281 0.567969 0.029687 0.023438
0 0.216406 0.594531 0.026562 0.026562
0 0.230469 0.621875 0.032813 0.028125
0 0.241406 0.652344 0.023438 0.023438
0 0.010937 0.151562 -0.018750 -0.040625
0 0.018750 0.188281 -0.031250 -0.035937
0 0.026562 0.225000 0.034375 0.031250
0 0.035156 0.253906 0.035937 0.029687
0 0.047656 0.285156 0.042188 0.032813
0 0.062500 0.317188 0.037500 0.031250
0 0.074219 0.353906 0.039062 0.032813
0 0.085156 0.385937 0.032813 0.031250
0 0.105469 0.416406 0.045312 0.026562
0 0.109375 0.388281 0.015625 0.026562
0 0.113281 0.442969 0.035937 0.026562
0 0.128906 0.473438 0.045312 0.031250
0 0.142187 0.506250 0.040625 0.034375
0 0.154688 0.535937 0.046875 0.028125
0 0.166406 0.564063 0.048438 0.025000
0 0.175781 0.592187 0.042188 0.034375
0 0.184375 0.622656 0.043750 0.026562
0 0.195312 0.650000 0.037500 0.021875
0 0.009375 0.253906 -0.018750 -0.048438
0 0.251563 0.682813 0.037500 0.031250
0 0.257812 0.715625 0.037500 0.034375
0 0.274219 0.754687 0.042188 0.037500
0 0.289844 0.788281 0.042188 0.035937
0 0.014844 0.291406 -0.023438 -0.029687
0 0.021875 0.316406 -0.037500 -0.023438
0 0.037500 0.346875 0.031250 0.031250
0 0.044531 0.378125 0.032813 0.025000
0 0.051562 0.407031 0.040625 0.029687
0 0.071094 0.436719 0.032813 0.023438
0 0.080469 0.465625 0.039062 0.028125
0 0.096094 0.494531 0.035937 0.026562
0 0.108594 0.527344 0.039062 0.029687
0 0.114062 0.555469 0.040625 0.026562
0 0.012500 0.353125 -0.025000 -0.034375
0 0.014844 0.391406 -0.029687 -0.045312
0 0.018750 0.432812 -0.034375 -0.031250
0 0.205469 0.679688 0.035937 0.025000
0 0.038281 0.464062 0.039062 0.031250
0 0.054688 0.496094 0.040625 0.035937
0 0.068750 0.532813 0.043750 0.034375
0 0.082031 0.572656 0.042188 0.035937
0 0.096094 0.607031 0.045312 0.032813
0 0.107031 0.642969 0.035937 0.032813
0 0.120313 0.677344 0.040625 0.026562
0 0.128125 0.708594 0.034375 0.029687
0 0.136719 0.737500 0.026562 0.021875
0 0.150000 0.765625 0.034375 0.025000
0 0.163281 0.791406 0.039062 0.023438
0 0.169531 0.820312 0.035937 0.031250
0 0.182812 0.850781 0.031250 0.026562
0 0.195312 0.881250 0.043750 0.031250
0 0.210156 0.910156 0.045312 0.023438
0 0.215625 0.937500 0.034375 0.021875
0 0.221875 0.937500 0.034375 0.025000
0 0.230469 0.962500 0.032813 0.018750
0 0.015625 0.475000 -0.028125 -0.043750
0 0.042188 0.532813 0.000000 0.000000
0 0.024219 0.515625 -0.042188 -0.034375
0 0.032031 0.547656 0.032813 0.029687
0 0.042188 0.577344 0.034375 0.026562
0 0.052344 0.610156 0.039062 0.032813
0 0.066406 0.643750 0.045312 0.028125
0 0.075781 0.675000 0.042188 0.031250
0 0.089063 0.706250 0.040625 0.031250
0 0.103125 0.735156 0.031250 0.020313
0 0.111719 0.764844 0.042188 0.035937
0 0.124219 0.803906 0.039062 0.035937
0 0.140625 0.839063 0.037500 0.031250
0 0.155469 0.874219 0.029687 0.032813
0 0.170313 0.907031 0.034375 0.023438
0 0.182031 0.935937 0.035937 0.031250
0 0.192969 0.964844 0.039062 0.026562
0 0.013281 0.553125 -0.017188 -0.040625
0 0.017188 0.596094 -0.031250 -0.042188
0 0.025781 0.639062 0.032813 0.037500
0 0.039062 0.671875 0.028125 0.034375
0 0.053906 0.705469 0.026562 0.023438
0 0.065625 0.733594 0.028125 0.029687
0 0.081250 0.761719 0.031250 0.023438
0 0.011719 0.667188 -0.020313 -0.031250
0 0.007031 0.643750 -0.010937 -0.021875
0 0.018750 0.698438 -0.031250 -0.031250
0 0.028906 0.729688 0.032813 0.031250
0 0.043750 0.761719 0.040625 0.026562
0 0.051562 0.789062 0.037500 0.028125
0 0.085156 0.788281 0.032813 0.032813
0 0.098437 0.821094 0.028125 0.023438
0 0.108594 0.846875 0.029687 0.028125
0 0.121094 0.875000 0.035937 0.025000
0 0.129688 0.903906 0.037500 0.029687
0 0.145313 0.934375 0.037500 0.025000
0 0.150781 0.961719 0.035937 0.026562
0 0.060156 0.821094 0.045312 0.029687
0 0.075781 0.852344 0.035937 0.029687
0 0.088281 0.884375 0.032813 0.031250
0 0.098437 0.914844 0.028125 0.029687
0 0.109375 0.943750 0.031250 0.018750
0 0.012500 0.746875 -0.021875 -0.037500
0 0.017188 0.785937 -0.028125 -0.037500
0 0.021875 0.822656 -0.034375 -0.035937
0 0.042188 0.860156 0.040625 0.035937
0 0.049219 0.893750 0.042188 0.028125
0 0.067187 0.924219 0.040625 0.029687
0 0.078906 0.953125 0.032813 0.025000
0 0.110937 0.964844 0.034375 0.029687
0 0.117969 0.989844 0.035937 0.017188
0 0.079687 0.974219 0.028125 0.017188
0 0.083594 0.989062 0.029687 0.018750
0 0.013281 0.854688 -0.020313 -0.028125
0 0.016406 0.885156 -0.026562 -0.029687
0 0.021875 0.917969 0.034375 0.029687
0 0.037500 0.943750 0.037500 0.025000
0 0.049219 0.968750 0.032813 0.025000
0 0.048438 0.986719 0.031250 0.017188
0 0.012500 0.944531 -0.015625 -0.023438
0 0.020313 0.974219 0.025000 0.029687
0 0.301563 0.823438 0.040625 0.028125
0 0.317188 0.857031 0.043750 0.035937
0 0.327344 0.889062 0.035937 0.021875
0 0.339062 0.916406 0.040625 0.029687
0 0.350781 0.946094 0.039062 0.026562
0 0.365625 0.971094 0.040625 0.023438
0 0.374219 0.987500 0.045312 0.018750
0 0.212500 0.709375 0.043750 0.031250
0 0.222656 0.738281 0.035937 0.026562
0 0.232813 0.763281 0.046875 0.029687
0 0.246094 0.795312 0.035937 0.031250
0 0.256250 0.826562 0.050000 0.034375
0 0.269531 0.858594 0.045312 0.029687
0 0.278125 0.889844 0.053125 0.032813
0 0.294531 0.921875 0.039062 0.028125
0 0.310156 0.950781 0.042188 0.026562
0 0.316406 0.979688 0.042188 0.031250
0 0.125000 0.584375 0.043750 0.031250
0 0.137500 0.617969 0.040625 0.029687
0 0.148438 0.653125 0.046875 0.034375
0 0.163281 0.684375 0.045312 0.028125
0 0.171875 0.715625 0.043750 0.037500
0 0.181250 0.749219 0.050000 0.032813
0 0.194531 0.785156 0.042188 0.035937
0 0.207813 0.824219 0.043750 0.039062
0 0.223438 0.855469 0.046875 0.035937
0 0.235156 0.888281 0.042188 0.029687
0 0.250781 0.920312 0.039062 0.037500
0 0.266406 0.948438 0.045312 0.021875
0 0.271094 0.972656 0.042188 0.020313
0 0.151562 0.985156 0.040625 0.023438
0 0.188281 0.984375 0.042188 0.025000
0 0.228125 0.980469 0.037500 0.020313
0 0.229687 0.992188 0.037500 0.012500
0 0.293750 0.921875 0.000000 0.000000
0 0.271875 0.653906 0.037500 0.020313
0 0.283594 0.680469 0.039062 0.029687
0 0.290625 0.711719 0.040625 0.029687
0 0.304688 0.742969 0.034375 0.032813
0 0.318750 0.776563 0.040625 0.028125
0 0.333594 0.805469 0.042188 0.026562
0 0.347656 0.837500 0.042188 0.034375
0 0.360156 0.868750 0.039062 0.037500
0 0.374219 0.895312 0.045312 0.025000
0 0.385156 0.924219 0.042188 0.029687
0 0.392188 0.953125 0.037500 0.025000
0 0.401562 0.975781 0.028125 0.023438
0 0.404687 0.988281 0.028125 0.014063
0 0.271094 0.988281 0.042188 0.014063
0 0.317969 0.672656 0.042188 0.032813
0 0.329688 0.707031 0.046875 0.032813
0 0.343750 0.739062 0.040625 0.028125
0 0.360938 0.771875 0.043750 0.031250
0 0.373437 0.802344 0.037500 0.026562
0 0.389062 0.835156 0.037500 0.032813
0 0.403906 0.871094 0.042188 0.032813
0 0.416406 0.900000 0.039062 0.018750
0 0.431250 0.926562 0.046875 0.028125
0 0.429688 0.951562 0.031250 0.021875
0 0.437500 0.974219 0.043750 0.020313
0 0.438281 0.987500 0.042188 0.018750
0 0.361719 0.671875 0.035937 0.031250
0 0.372656 0.700000 0.039062 0.031250
0 0.385937 0.733594 0.046875 0.032813
0 0.400000 0.768750 0.043750 0.034375
0 0.414062 0.800000 0.043750 0.025000
0 0.422656 0.828906 0.032813 0.029687
0 0.434375 0.859375 0.040625 0.021875
0 0.445312 0.885156 0.037500 0.029687
0 0.457813 0.912500 0.037500 0.025000
0 0.469531 0.940625 0.035937 0.028125
0 0.474219 0.960938 0.045312 0.021875
0 0.481250 0.985156 0.040625 0.023438
0 0.400781 0.670312 0.042188 0.031250
0 0.413281 0.703906 0.035937 0.029687
0 0.432812 0.739844 0.040625 0.035937
0 0.443750 0.771094 0.046875 0.032813
0 0.455469 0.803906 0.042188 0.029687
0 0.461719 0.834375 0.042188 0.021875
0 0.468750 0.856250 0.037500 0.025000
0 0.478125 0.880469 0.034375 0.023438
0 0.485156 0.906250 0.035937 0.031250
0 0.498437 0.930469 0.034375 0.026562
0 0.508594 0.953906 0.039062 0.017188
0 0.521094 0.971875 0.032813 0.018750
0 0.523438 0.987500 0.040625 0.018750
0 0.433594 0.641406 0.039062 0.026562
0 0.442969 0.671094 0.042188 0.029687
0 0.453125 0.705469 0.040625 0.032813
0 0.469531 0.738281 0.045312 0.032813
0 0.485156 0.771094 0.035937 0.029687
0 0.494531 0.799219 0.039062 0.026562
0 0.501563 0.827344 0.043750 0.026562
0 0.507812 0.852344 0.040625 0.026562
0 0.520312 0.882812 0.043750 0.031250
0 0.527344 0.910937 0.051562 0.031250
0 0.538281 0.939063 0.042188 0.021875
0 0.547656 0.961719 0.039062 0.020313
0 0.563281 0.982812 0.042188 0.025000
0 0.470313 0.644531 0.037500 0.035937
0 0.489063 0.678906 0.043750 0.029687
0 0.500000 0.708594 0.040625 0.026562
0 0.514062 0.741406 0.034375 0.032813
0 0.521875 0.774219 0.034375 0.032813
0 0.537500 0.806250 0.037500 0.031250
0 0.548438 0.838281 0.037500 0.029687
0 0.558594 0.870313 0.035937 0.031250
0 0.568750 0.903125 0.037500 0.028125
0 0.582812 0.932813 0.040625 0.028125
0 0.589063 0.958594 0.037500 0.026562
0 0.601562 0.982031 0.031250 0.029687
0 0.500781 0.634375 0.023438 0.025000
0 0.510156 0.660937 0.032813 0.021875
0 0.528906 0.685156 0.035937 0.026562
0 0.537500 0.715625 0.031250 0.028125
0 0.545312 0.748437 0.034375 0.034375
0 0.558594 0.782031 0.032813 0.026562
0 0.571875 0.814063 0.034375 0.031250
0 0.588281 0.846094 0.035937 0.026562
0 0.599219 0.870313 0.039062 0.021875
0 0.603906 0.894531 0.042188 0.026562
0 0.614844 0.924219 0.032813 0.026562
0 0.625000 0.950781 0.043750 0.026562
0 0.635156 0.982031 0.035937 0.029687
0 0.541406 0.659375 0.032813 0.025000
0 0.555469 0.685937 0.020313 0.028125
0 0.567969 0.717187 0.023438 0.021875
0 0.575000 0.744531 0.025000 0.029687
0 0.584375 0.778906 0.031250 0.029687
0 0.600781 0.806250 0.039062 0.031250
0 0.619531 0.835156 0.039062 0.026562
0 0.627344 0.863281 0.039062 0.020313
0 0.643750 0.887500 0.043750 0.025000
0 0.650000 0.918750 0.043750 0.031250
0 0.667969 0.950000 0.045312 0.028125
0 0.675781 0.982812 0.045312 0.028125
0 0.569531 0.664844 0.029687 0.017188
0 0.578125 0.687500 0.028125 0.028125
0 0.589063 0.714844 0.021875 0.023438
0 0.595313 0.742188 0.028125 0.031250
0 0.613281 0.775781 0.032813 0.039062
0 0.632812 0.810937 0.028125 0.031250
0 0.649219 0.840625 0.020313 0.028125
0 0.657031 0.864844 0.010937 0.023438
0 0.674219 0.898438 0.010937 0.025000
0 0.685937 0.922656 0.015625 0.023438
0 0.700000 0.944531 0.012500 0.023438
0 0.703125 0.970313 0.012500 0.028125
0 0.587500 0.658594 0.034375 0.029687
0 0.598437 0.693750 0.040625 0.028125
0 0.613281 0.728906 0.032813 0.039062
0 0.625781 0.760938 0.032813 0.031250
0 0.639844 0.794531 0.039062 0.032813
0 0.660156 0.827344 0.032813 0.029687
0 0.669531 0.857031 0.032813 0.029687
0 0.687500 0.890625 0.034375 0.031250
0 0.705469 0.925781 0.032813 0.032813
0 0.714844 0.957031 0.032813 0.026562
0 0.719531 0.983594 0.026562 0.023438
0 0.612500 0.643750 0.000000 0.000000
0 0.625781 0.656250 0.035937 0.034375
0 0.639844 0.690625 0.042188 0.031250
0 0.657813 0.723437 0.043750 0.031250
0 0.663281 0.757812 0.045312 0.031250
0 0.681250 0.790625 0.043750 0.031250
0 0.696875 0.824219 0.040625 0.035937
0 0.708594 0.854688 0.042188 0.025000
0 0.716406 0.883594 0.039062 0.029687
0 0.728906 0.914062 0.039062 0.028125
0 0.743750 0.941406 0.037500 0.023438
0 0.753906 0.967187 0.039062 0.021875
0 0.759375 0.987500 0.046875 0.018750
0 0.659375 0.644531 0.034375 0.023438
0 0.667188 0.673438 0.046875 0.031250
0 0.682031 0.703906 0.039062 0.029687
0 0.698438 0.734375 0.034375 0.025000
0 0.707812 0.765625 0.037500 0.028125
0 0.728125 0.800781 0.043750 0.035937
0 0.739062 0.833594 0.040625 0.026562
0 0.750781 0.863281 0.039062 0.029687
0 0.758594 0.895312 0.042188 0.028125
0 0.771875 0.924219 0.040625 0.023438
0 0.783594 0.952344 0.039062 0.023438
0 0.802344 0.989844 0.042188 0.017188
0 0.719531 0.690625 0.042188 0.025000
0 0.730469 0.724219 0.045312 0.035937
0 0.742188 0.758594 0.040625 0.029687
0 0.759375 0.791406 0.040625 0.026562
0 0.771094 0.819531 0.032813 0.029687
0 0.786719 0.849219 0.039062 0.029687
0 0.798438 0.880469 0.043750 0.029687
0 0.805469 0.907031 0.045312 0.023438
0 0.819531 0.933594 0.048438 0.029687
0 0.830469 0.960938 0.042188 0.018750
0 0.842969 0.982031 0.042188 0.020313
0 0.782813 0.962500 0.000000 0.000000
0 0.845313 0.989062 0.043750 0.012500
0 0.794531 0.970313 0.042188 0.021875
0 0.789062 0.774219 0.040625 0.020313
0 0.803125 0.799219 0.046875 0.023438
0 0.811719 0.826562 0.042188 0.025000
0 0.825000 0.853125 0.031250 0.025000
0 0.836719 0.875781 0.023438 0.017188
0 0.842187 0.899219 0.028125 0.020313
0 0.853906 0.919531 0.039062 0.020313
0 0.860938 0.942187 0.031250 0.025000
0 0.871094 0.970313 0.032813 0.021875
0 0.880469 0.990625 0.035937 0.012500
0 0.823438 0.744531 0.034375 0.026562
0 0.839844 0.793750 0.035937 0.025000
0 0.831250 0.770312 0.037500 0.021875
0 0.848437 0.822656 0.040625 0.026562
0 0.858594 0.853125 0.045312 0.028125
0 0.868750 0.880469 0.040625 0.026562
0 0.875781 0.906250 0.042188 0.021875
0 0.892969 0.930469 0.035937 0.020313
0 0.902344 0.955469 0.042188 0.020313
0 0.914844 0.978125 0.045312 0.015625
0 0.918750 0.989844 0.040625 0.014063
0 0.845313 0.692969 0.040625 0.026562
0 0.853125 0.721094 0.040625 0.026562
0 0.875781 0.780469 0.054688 0.026562
0 0.867969 0.753125 0.051562 0.031250
0 0.885156 0.810937 0.048438 0.031250
0 0.898438 0.842969 0.043750 0.026562
0 0.908594 0.871875 0.045312 0.028125
0 0.922656 0.904687 0.045312 0.031250
0 0.939063 0.935156 0.046875 0.026562
0 0.949219 0.960938 0.045312 0.031250
0 0.957031 0.985938 0.039062 0.018750
0 0.891406 0.703125 0.042188 0.028125
0 0.896875 0.729688 0.043750 0.025000
0 0.903906 0.753125 0.042188 0.025000
0 0.912500 0.778125 0.037500 0.028125
0 0.922656 0.807031 0.029687 0.026562
0 0.939063 0.835938 0.043750 0.025000
0 0.945312 0.859375 0.046875 0.025000
0 0.960156 0.886719 0.039062 0.023438
0 0.971094 0.914062 0.048438 0.028125
0 0.980469 0.939063 0.032813 0.018750
0 0.985156 0.958594 0.023438 0.017188
0 0.985156 0.979688 0.023438 0.021875
0 0.925781 0.694531 0.039062 0.029687
0 0.933594 0.726562 0.035937 0.028125
0 0.940625 0.750781 0.034375 0.020313
0 0.950781 0.778125 0.039062 0.031250
0 0.958594 0.805469 0.035937 0.029687
0 0.973437 0.828125 0.037500 0.021875
0 0.982031 0.849219 0.032813 0.023438
0 0.982812 0.872656 0.028125 0.029687
0 0.964844 0.695312 0.032813 0.028125
0 0.970313 0.721094 0.031250 0.023438
0 0.975000 0.743750 0.037500 0.018750
0 0.980469 0.765625 0.029687 0.018750
0 0.985938 0.786719 0.018750 0.023438
0 0.988281 0.807031 0.010937 0.017188
0 0.989062 0.692187 0.012500 0.037500
