0 0.587500 0.017969 0.028125 0.026562
0 0.538281 0.014063 0.054688 0.028125
0 0.550000 0.038281 0.059375 0.026562
0 0.554688 0.062500 0.046875 0.018750
0 0.572656 0.084375 0.045312 0.018750
0 0.578906 0.108594 0.032813 0.023438
0 0.485938 0.011719 0.040625 0.020313
0 0.448437 0.004687 0.037500 0.010000
0 0.408594 0.003125 0.035937 0.010000
0 0.363281 0.005469 0.042188 0.010000
0 0.319531 0.011719 0.042188 0.020313
0 0.234375 0.012500 0.040625 0.025000
0 0.277344 0.012500 0.035937 0.021875
0 0.203125 0.013281 0.028125 0.020313
0 0.172656 0.014063 0.029687 0.025000
0 0.492188 0.032031 0.037500 0.020313
0 0.507812 0.059375 0.050000 0.031250
0 0.536719 0.121094 0.042188 0.026562
0 0.524219 0.092188 0.045312 0.028125
0 0.547656 0.147656 0.045312 0.026562
0 0.564063 0.174219 0.050000 0.026562
0 0.573438 0.210156 0.050000 0.045312
0 0.450000 0.021094 0.034375 0.023438
0 0.459375 0.045312 0.034375 0.021875
0 0.468750 0.068750 0.034375 0.028125
0 0.480469 0.096094 0.039062 0.023438
0 0.490625 0.118750 0.043750 0.021875
0 0.500000 0.144531 0.040625 0.029687
0 0.512500 0.174219 0.043750 0.029687
0 0.521875 0.203906 0.040625 0.026562
0 0.539844 0.230469 0.048438 0.029687
0 0.561719 0.281250 0.045312 0.031250
0 0.554688 0.255469 0.046875 0.023438
0 0.410938 0.021875 0.040625 0.025000
0 0.427344 0.076563 0.045312 0.028125
0 0.418750 0.046094 0.043750 0.026562
0 0.439063 0.103906 0.040625 0.026562
0 0.460938 0.157812 0.040625 0.021875
0 0.447656 0.131250 0.042188 0.025000
0 0.472656 0.182031 0.029687 0.023438
0 0.489063 0.227344 0.034375 0.029687
0 0.483594 0.200000 0.023438 0.018750
0 0.499219 0.253125 0.039062 0.028125
0 0.512500 0.282813 0.040625 0.031250
0 0.529687 0.314063 0.046875 0.028125
0 0.544531 0.341406 0.039062 0.023438
0 0.571875 0.307812 0.034375 0.025000
0 0.567187 0.370312 0.037500 0.034375
0 0.367969 0.025000 0.039062 0.025000
0 0.378906 0.050781 0.035937 0.029687
0 0.387500 0.078906 0.034375 0.026562
0 0.397656 0.107813 0.035937 0.025000
0 0.406250 0.139063 0.037500 0.031250
0 0.424219 0.168750 0.042188 0.028125
0 0.436719 0.194531 0.039062 0.029687
0 0.449219 0.226562 0.035937 0.028125
0 0.457031 0.256250 0.042188 0.028125
0 0.472656 0.285938 0.035937 0.031250
0 0.489063 0.319531 0.034375 0.032813
0 0.508594 0.352344 0.051562 0.029687
0 0.528125 0.378125 0.046875 0.028125
0 0.540625 0.409375 0.046875 0.031250
0 0.553125 0.442969 0.046875 0.039062
0 0.339062 0.067187 0.037500 0.028125
0 0.327344 0.037500 0.042188 0.028125
0 0.350781 0.095312 0.035937 0.031250
0 0.361719 0.125000 0.039062 0.025000
0 0.375000 0.150000 0.025000 0.025000
0 0.381250 0.185156 0.046875 0.035937
0 0.400000 0.217969 0.037500 0.026562
0 0.413281 0.246094 0.039062 0.029687
0 0.428906 0.275000 0.026562 0.025000
0 0.438281 0.298438 0.026562 0.018750
0 0.449219 0.325000 0.035937 0.028125
0 0.461719 0.354687 0.039062 0.031250
0 0.480469 0.385937 0.045312 0.028125
0 0.496094 0.416406 0.042188 0.023438
0 0.506250 0.440625 0.043750 0.028125
0 0.517969 0.467969 0.039062 0.026562
0 0.535156 0.494531 0.039062 0.026562
0 0.539062 0.519531 0.034375 0.017188
0 0.549219 0.542969 0.035937 0.023438
0 0.285938 0.037500 0.040625 0.025000
0 0.295312 0.064062 0.037500 0.021875
0 0.306250 0.089063 0.037500 0.021875
0 0.315625 0.115625 0.037500 0.021875
0 0.324219 0.135156 0.032813 0.017188
0 0.331250 0.155469 0.025000 0.023438
0 0.342969 0.180469 0.029687 0.029687
0 0.354687 0.208594 0.037500 0.026562
0 0.367969 0.235156 0.042188 0.023438
0 0.382031 0.261719 0.045312 0.029687
0 0.394531 0.289844 0.035937 0.026562
0 0.396875 0.309375 0.028125 0.015625
0 0.410938 0.333594 0.034375 0.026562
0 0.423438 0.361719 0.034375 0.029687
0 0.438281 0.388281 0.035937 0.023438
0 0.450781 0.410938 0.035937 0.021875
0 0.461719 0.435156 0.039062 0.026562
0 0.469531 0.460938 0.032813 0.025000
0 0.485938 0.484375 0.037500 0.021875
0 0.492969 0.511719 0.042188 0.032813
0 0.516406 0.567969 0.042188 0.026562
0 0.509375 0.540625 0.037500 0.025000
0 0.546094 0.625000 0.042188 0.034375
0 0.532813 0.594531 0.043750 0.026562
0 0.242969 0.039844 0.035937 0.023438
0 0.253125 0.067969 0.037500 0.026562
0 0.264062 0.091406 0.040625 0.020313
0 0.271094 0.114844 0.045312 0.026562
0 0.279687 0.141406 0.050000 0.023438
0 0.296875 0.164844 0.040625 0.017188
0 0.307031 0.187500 0.035937 0.028125
0 0.314844 0.214844 0.039062 0.026562
0 0.330469 0.241406 0.035937 0.026562
0 0.339062 0.263281 0.034375 0.023438
0 0.352344 0.290625 0.039062 0.025000
0 0.359375 0.317188 0.037500 0.028125
0 0.373437 0.345313 0.043750 0.028125
0 0.386719 0.373437 0.039062 0.031250
0 0.399219 0.403906 0.039062 0.029687
0 0.414844 0.430469 0.042188 0.023438
0 0.427344 0.459375 0.045312 0.031250
0 0.441406 0.490625 0.051562 0.031250
0 0.450000 0.521094 0.046875 0.029687
0 0.463281 0.551562 0.048438 0.031250
0 0.471875 0.580469 0.043750 0.020313
0 0.486719 0.603906 0.045312 0.026562
0 0.503906 0.626563 0.032813 0.021875
0 0.214062 0.071094 0.034375 0.026562
0 0.207031 0.039062 0.032813 0.031250
0 0.236719 0.134375 0.039062 0.025000
0 0.225781 0.102344 0.039062 0.035937
0 0.266406 0.191406 0.042188 0.029687
0 0.253125 0.160156 0.040625 0.026562
0 0.278125 0.224219 0.040625 0.032813
0 0.292969 0.252344 0.035937 0.023438
0 0.304688 0.276562 0.040625 0.021875
0 0.312500 0.300000 0.034375 0.025000
0 0.319531 0.324219 0.032813 0.020313
0 0.328906 0.351562 0.039062 0.021875
0 0.344531 0.377344 0.042188 0.026562
0 0.356250 0.407031 0.040625 0.026562
0 0.368750 0.436719 0.043750 0.023438
0 0.378906 0.460938 0.042188 0.025000
0 0.392969 0.489063 0.042188 0.028125
0 0.403125 0.518750 0.040625 0.028125
0 0.416406 0.547656 0.039062 0.026562
0 0.438281 0.600000 0.042188 0.028125
0 0.452344 0.624219 0.039062 0.026562
0 0.426563 0.572656 0.037500 0.020313
0 0.171094 0.039844 0.026562 0.023438
0 0.180469 0.066406 0.026562 0.026562
0 0.185938 0.096875 0.034375 0.031250
0 0.194531 0.129688 0.039062 0.028125
0 0.207031 0.159375 0.039062 0.025000
0 0.217969 0.185156 0.045312 0.026562
0 0.227344 0.210938 0.039062 0.021875
0 0.235937 0.235937 0.043750 0.025000
0 0.250000 0.263281 0.046875 0.029687
0 0.266406 0.294531 0.045312 0.026562
0 0.281250 0.321094 0.037500 0.023438
0 0.286719 0.346875 0.032813 0.021875
0 0.299219 0.371875 0.042188 0.028125
0 0.314063 0.403906 0.037500 0.029687
0 0.328125 0.435156 0.034375 0.029687
0 0.349219 0.490625 0.035937 0.025000
0 0.340625 0.464062 0.031250 0.025000
0 0.360156 0.519531 0.035937 0.029687
0 0.374219 0.547656 0.035937 0.023438
0 0.390625 0.573438 0.031250 0.028125
0 0.398438 0.600781 0.031250 0.023438
0 0.132812 0.013281 0.050000 0.026562
0 0.139844 0.042188 0.035937 0.031250
0 0.146094 0.072656 0.039062 0.026562
0 0.147656 0.099219 0.032813 0.026562
0 0.156250 0.128906 0.031250 0.023438
0 0.164844 0.156250 0.039062 0.031250
0 0.175781 0.188281 0.039062 0.026562
0 0.187500 0.216406 0.034375 0.023438
0 0.200000 0.242969 0.031250 0.026562
0 0.207813 0.268750 0.031250 0.021875
0 0.221875 0.295312 0.037500 0.028125
0 0.238281 0.323437 0.045312 0.028125
0 0.248438 0.351562 0.034375 0.025000
0 0.261719 0.378125 0.035937 0.025000
0 0.285156 0.432031 0.048438 0.023438
0 0.295312 0.462500 0.050000 0.034375
0 0.310156 0.496875 0.042188 0.028125
0 0.271094 0.403906 0.042188 0.026562
0 0.320312 0.524219 0.040625 0.026562
0 0.333594 0.555469 0.045312 0.035937
0 0.348438 0.588281 0.056250 0.029687
0 0.077344 0.009375 0.057813 0.015625
0 0.084375 0.034375 0.050000 0.031250
0 0.090625 0.060937 0.043750 0.021875
0 0.104688 0.110937 0.053125 0.028125
0 0.100781 0.084375 0.045312 0.025000
0 0.120313 0.140625 0.043750 0.031250
0 0.145313 0.201563 0.037500 0.025000
0 0.133594 0.173437 0.042188 0.031250
0 0.157031 0.228906 0.039062 0.026562
0 0.168750 0.253906 0.040625 0.023438
0 0.177344 0.278125 0.032813 0.025000
0 0.182812 0.303125 0.031250 0.025000
0 0.191406 0.327344 0.042188 0.020313
0 0.185938 0.321094 0.021875 0.010937
0 0.217969 0.381250 0.042188 0.031250
0 0.207031 0.350781 0.042188 0.026562
0 0.228906 0.409375 0.039062 0.021875
0 0.242969 0.435937 0.032813 0.028125
0 0.253906 0.460156 0.029687 0.023438
0 0.266406 0.485156 0.035937 0.023438
0 0.274219 0.506250 0.029687 0.018750
0 0.284375 0.529687 0.037500 0.025000
0 0.293750 0.553906 0.031250 0.023438
0 0.303906 0.578906 0.023438 0.020313
0 0.031250 0.019531 0.040625 0.035937
0 0.040625 0.050000 0.040625 0.021875
0 0.047656 0.074219 0.042188 0.032813
0 0.056250 0.102344 0.040625 0.023438
0 0.072656 0.128125 0.045312 0.028125
0 0.086719 0.158594 0.042188 0.029687
0 0.098437 0.184375 0.034375 0.025000
0 0.110156 0.208594 0.032813 0.026562
0 0.118750 0.234375 0.040625 0.021875
0 0.128125 0.258594 0.034375 0.026562
0 0.139844 0.285156 0.035937 0.023438
0 0.152344 0.310156 0.029687 0.026562
0 0.162500 0.335156 0.025000 0.020313
0 0.172656 0.357812 0.026562 0.025000
0 0.185156 0.385937 0.023438 0.025000
0 0.194531 0.411719 0.029687 0.023438
0 0.207031 0.436719 0.032813 0.023438
0 0.218750 0.460156 0.034375 0.023438
0 0.231250 0.485938 0.034375 0.021875
0 0.239844 0.507812 0.029687 0.021875
0 0.251563 0.532031 0.031250 0.020313
0 0.259375 0.553125 0.028125 0.021875
0 0.270313 0.573438 0.037500 0.018750
0 0.274219 0.594531 0.032813 0.023438
0 0.018750 0.064062 0.010000 0.010000
0 0.006250 0.018750 0.010000 0.031250
0 0.014063 0.059375 0.025000 0.043750
0 0.019531 0.098437 0.029687 0.028125
0 0.030469 0.126562 0.029687 0.025000
0 0.038281 0.151562 0.032813 0.025000
0 0.052344 0.179688 0.035937 0.031250
0 0.068750 0.208594 0.043750 0.029687
0 0.075781 0.235937 0.039062 0.025000
0 0.087500 0.264062 0.043750 0.031250
0 0.101562 0.296094 0.037500 0.026562
0 0.121094 0.325781 0.035937 0.029687
0 0.129688 0.353125 0.031250 0.025000
0 0.140625 0.378906 0.040625 0.026562
0 0.151562 0.407813 0.037500 0.028125
0 0.164062 0.437500 0.043750 0.031250
0 0.178125 0.466406 0.043750 0.026562
0 0.192969 0.493750 0.035937 0.025000
0 0.202344 0.519531 0.042188 0.023438
0 0.211719 0.542969 0.042188 0.026562
0 0.223438 0.571875 0.034375 0.028125
0 0.232813 0.599219 0.040625 0.023438
0 0.014063 0.150781 0.025000 0.042188
0 0.021875 0.190625 0.040625 0.031250
0 0.025781 0.221094 0.035937 0.029687
0 0.038281 0.249219 0.035937 0.026562
0 0.049219 0.277344 0.039062 0.029687
0 0.062500 0.302344 0.040625 0.026562
0 0.075781 0.329688 0.048438 0.025000
0 0.086719 0.356250 0.045312 0.028125
0 0.096875 0.386719 0.040625 0.026562
0 0.109375 0.415625 0.046875 0.028125
0 0.120313 0.442188 0.037500 0.021875
0 0.132812 0.465625 0.043750 0.028125
0 0.146875 0.496094 0.043750 0.029687
0 0.154688 0.523438 0.037500 0.021875
0 0.167969 0.547656 0.035937 0.023438
0 0.184375 0.574219 0.040625 0.026562
0 0.189844 0.600781 0.042188 0.023438
0 0.010937 0.247656 0.018750 0.029687
0 0.014844 0.278906 0.029687 0.029687
0 0.024219 0.310937 0.035937 0.028125
0 0.032031 0.342969 0.035937 0.029687
0 0.046094 0.374219 0.042188 0.026562
0 0.057813 0.400781 0.040625 0.026562
0 0.069531 0.428125 0.039062 0.028125
0 0.081250 0.451562 0.028125 0.018750
0 0.094531 0.473438 0.029687 0.021875
0 0.107031 0.496875 0.032813 0.021875
0 0.116406 0.522656 0.029687 0.023438
0 0.125781 0.545312 0.032813 0.021875
0 0.138281 0.568750 0.039062 0.021875
0 0.147656 0.595313 0.032813 0.025000
0 0.014844 0.352344 0.023438 0.039062
0 0.020313 0.395313 0.034375 0.043750
0 0.034375 0.433594 0.034375 0.026562
0 0.050781 0.459375 0.035937 0.028125
0 0.059375 0.489844 0.043750 0.032813
0 0.074219 0.518750 0.035937 0.025000
0 0.086719 0.547656 0.032813 0.026562
0 0.097656 0.575781 0.039062 0.029687
0 0.107031 0.603906 0.039062 0.023438
0 0.014063 0.439063 0.021875 0.037500
0 0.021094 0.479687 0.032813 0.037500
0 0.032813 0.518750 0.043750 0.031250
0 0.056250 0.579688 0.037500 0.034375
0 0.046875 0.549219 0.040625 0.026562
0 0.071094 0.611719 0.032813 0.029687
0 0.013281 0.543750 0.023438 0.043750
0 0.022656 0.583594 0.032813 0.029687
0 0.034375 0.615625 0.040625 0.034375
0 0.041406 0.649219 0.039062 0.029687
0 0.053906 0.681250 0.042188 0.034375
0 0.072656 0.712500 0.039062 0.021875
0 0.100781 0.772656 0.035937 0.032813
0 0.087500 0.740625 0.040625 0.031250
0 0.114062 0.808594 0.037500 0.032813
0 0.126562 0.839063 0.040625 0.028125
0 0.143750 0.867969 0.034375 0.029687
0 0.156250 0.899219 0.037500 0.029687
0 0.169531 0.930469 0.042188 0.029687
0 0.182031 0.956250 0.035937 0.025000
0 0.192969 0.976562 0.032813 0.012500
0 0.200000 0.991406 0.034375 0.014063
0 0.008594 0.624219 0.014063 0.042188
0 0.014063 0.661719 0.028125 0.032813
0 0.022656 0.693750 0.035937 0.021875
0 0.037500 0.720313 0.037500 0.028125
0 0.060156 0.777344 0.035937 0.029687
0 0.048438 0.749219 0.037500 0.026562
0 0.067187 0.807813 0.043750 0.028125
0 0.085938 0.835156 0.037500 0.026562
0 0.096875 0.864062 0.046875 0.028125
0 0.110156 0.889844 0.048438 0.026562
0 0.119531 0.916406 0.045312 0.023438
0 0.132031 0.942187 0.039062 0.028125
0 0.144531 0.967187 0.039062 0.015625
0 0.154688 0.986719 0.043750 0.023438
0 0.011719 0.721875 0.020313 0.037500
0 0.016406 0.758594 0.029687 0.032813
0 0.022656 0.795312 0.032813 0.034375
0 0.039844 0.827344 0.039062 0.029687
0 0.053125 0.859375 0.037500 0.031250
0 0.075000 0.920312 0.037500 0.028125
0 0.092188 0.944531 0.034375 0.020313
0 0.062500 0.890625 0.034375 0.028125
0 0.101562 0.965625 0.034375 0.021875
0 0.108594 0.986719 0.032813 0.020313
0 0.011719 0.833594 0.017188 0.035937
0 0.030469 0.899219 0.035937 0.029687
0 0.017969 0.869531 0.029687 0.032813
0 0.045312 0.929688 0.037500 0.028125
0 0.062500 0.956250 0.043750 0.028125
0 0.071094 0.985156 0.035937 0.026562
0 0.014844 0.920312 0.026562 0.046875
0 0.021875 0.957031 0.037500 0.026562
0 0.027344 0.982812 0.048438 0.021875
0 0.080469 0.640625 0.035937 0.025000
0 0.089063 0.667969 0.040625 0.026562
0 0.100781 0.695312 0.042188 0.025000
0 0.115625 0.721875 0.037500 0.028125
0 0.142969 0.776563 0.039062 0.028125
0 0.128125 0.747656 0.034375 0.023438
0 0.154688 0.808594 0.037500 0.032813
0 0.189062 0.874219 0.043750 0.026562
0 0.172656 0.840625 0.045312 0.037500
0 0.200781 0.901563 0.039062 0.028125
0 0.211719 0.930469 0.045312 0.026562
0 0.224219 0.956250 0.035937 0.025000
0 0.232813 0.983594 0.034375 0.023438
0 0.116406 0.631250 0.045312 0.028125
0 0.132031 0.663281 0.048438 0.032813
0 0.143750 0.693750 0.040625 0.025000
0 0.157812 0.721875 0.040625 0.028125
0 0.167969 0.750781 0.045312 0.029687
0 0.185938 0.779687 0.040625 0.021875
0 0.211719 0.830469 0.035937 0.029687
0 0.195312 0.802344 0.046875 0.026562
0 0.233594 0.887500 0.042188 0.028125
0 0.220312 0.858594 0.040625 0.026562
0 0.244531 0.916406 0.032813 0.026562
0 0.257812 0.942969 0.040625 0.023438
0 0.269531 0.965625 0.045312 0.021875
0 0.275000 0.987500 0.046875 0.018750
0 0.157031 0.622656 0.042188 0.023438
0 0.169531 0.646875 0.048438 0.025000
0 0.186719 0.671094 0.051562 0.023438
0 0.193750 0.696094 0.043750 0.023438
0 0.200781 0.721875 0.042188 0.028125
0 0.215625 0.752344 0.040625 0.029687
0 0.232813 0.782813 0.043750 0.025000
0 0.241406 0.810937 0.035937 0.028125
0 0.253906 0.839844 0.039062 0.026562
0 0.267969 0.867969 0.045312 0.029687
0 0.278906 0.899219 0.042188 0.026562
0 0.292969 0.927344 0.051562 0.023438
0 0.311719 0.950781 0.045312 0.023438
0 0.320312 0.971875 0.043750 0.012500
0 0.328906 0.989062 0.048438 0.015625
0 0.200781 0.625781 0.039062 0.023438
0 0.221094 0.651563 0.042188 0.025000
0 0.235937 0.709375 0.037500 0.028125
0 0.231250 0.678906 0.034375 0.029687
0 0.249219 0.736719 0.039062 0.023438
0 0.260937 0.760156 0.037500 0.023438
0 0.276562 0.787500 0.040625 0.028125
0 0.285938 0.815625 0.043750 0.025000
0 0.297656 0.843750 0.042188 0.028125
0 0.312500 0.871094 0.037500 0.023438
0 0.321094 0.896875 0.039062 0.025000
0 0.335938 0.921094 0.034375 0.023438
0 0.344531 0.946094 0.035937 0.026562
0 0.358594 0.970313 0.032813 0.018750
0 0.371875 0.989844 0.034375 0.017188
0 0.244531 0.626563 0.042188 0.028125
0 0.263281 0.656250 0.035937 0.025000
0 0.271094 0.684375 0.039062 0.028125
0 0.280469 0.714063 0.042188 0.028125
0 0.292187 0.742188 0.043750 0.025000
0 0.300781 0.767969 0.032813 0.023438
0 0.315625 0.790625 0.034375 0.021875
0 0.331250 0.817187 0.040625 0.025000
0 0.343750 0.847656 0.037500 0.032813
0 0.356250 0.876563 0.037500 0.021875
0 0.367969 0.901563 0.035937 0.021875
0 0.380469 0.928125 0.039062 0.025000
0 0.392969 0.953125 0.039062 0.021875
0 0.404687 0.975781 0.040625 0.020313
0 0.410938 0.991406 0.037500 0.010937
0 0.283594 0.618750 0.032813 0.021875
0 0.294531 0.642969 0.032813 0.026562
0 0.303906 0.671094 0.029687 0.026562
0 0.317188 0.700000 0.040625 0.025000
0 0.328125 0.727344 0.040625 0.026562
0 0.337500 0.755469 0.037500 0.029687
0 0.346875 0.787500 0.034375 0.028125
0 0.367969 0.815625 0.032813 0.025000
0 0.382031 0.844531 0.035937 0.029687
0 0.400000 0.876563 0.031250 0.031250
0 0.404687 0.905469 0.034375 0.026562
0 0.442188 0.957031 0.031250 0.017188
0 0.428125 0.932813 0.037500 0.025000
0 0.450781 0.977344 0.032813 0.017188
0 0.461719 0.992188 0.032813 0.012500
0 0.314063 0.603125 0.034375 0.021875
0 0.322656 0.626563 0.035937 0.021875
0 0.332031 0.650000 0.042188 0.025000
0 0.342969 0.678125 0.039062 0.025000
0 0.357812 0.703125 0.040625 0.025000
0 0.369531 0.728125 0.042188 0.025000
0 0.383594 0.757812 0.048438 0.031250
0 0.392188 0.787500 0.050000 0.025000
0 0.410938 0.814844 0.043750 0.029687
0 0.426563 0.842969 0.040625 0.026562
0 0.437500 0.871094 0.043750 0.026562
0 0.452344 0.898438 0.051562 0.025000
0 0.467187 0.927344 0.043750 0.029687
0 0.480469 0.953906 0.051562 0.020313
0 0.491406 0.973437 0.035937 0.015625
0 0.502344 0.990625 0.039062 0.015625
0 0.360156 0.617188 0.039062 0.028125
0 0.374219 0.625000 0.026562 0.015625
0 0.388281 0.685156 0.048438 0.029687
0 0.378125 0.648438 0.037500 0.034375
0 0.408594 0.717187 0.042188 0.034375
0 0.425781 0.751563 0.039062 0.034375
0 0.441406 0.786719 0.042188 0.032813
0 0.456250 0.819531 0.043750 0.032813
0 0.471094 0.849219 0.045312 0.029687
0 0.484375 0.877344 0.040625 0.023438
0 0.498437 0.901563 0.037500 0.021875
0 0.512500 0.925781 0.028125 0.023438
0 0.529687 0.946094 0.037500 0.014063
0 0.539844 0.974219 0.045312 0.035937
0 0.414062 0.625781 0.037500 0.023438
0 0.426563 0.653906 0.046875 0.029687
0 0.435937 0.682813 0.053125 0.031250
0 0.458594 0.717969 0.048438 0.032813
0 0.486719 0.781250 0.045312 0.028125
0 0.476562 0.751563 0.050000 0.028125
0 0.512500 0.842187 0.053125 0.028125
0 0.537500 0.850781 0.010000 0.010937
0 0.502344 0.812500 0.048438 0.028125
0 0.526563 0.872656 0.043750 0.032813
0 0.471094 0.650000 0.035937 0.021875
0 0.480469 0.677344 0.039062 0.032813
0 0.497656 0.708594 0.035937 0.026562
0 0.510938 0.737500 0.040625 0.025000
0 0.525781 0.760156 0.032813 0.020313
0 0.539062 0.790625 0.037500 0.037500
0 0.513281 0.654687 0.035937 0.028125
0 0.528906 0.679688 0.057813 0.025000
0 0.539844 0.706250 0.045312 0.031250
