0 0.983594 0.018750 0.026562 0.031250
0 0.948438 0.017188 0.043750 0.031250
0 0.961719 0.050781 0.042188 0.032813
0 0.989844 0.050781 0.014063 0.020313
0 0.978906 0.084375 0.035937 0.034375
0 0.907031 0.017188 0.045312 0.028125
0 0.914062 0.048438 0.043750 0.031250
0 0.928125 0.082031 0.043750 0.029687
0 0.945312 0.113281 0.046875 0.029687
0 0.982812 0.119531 0.028125 0.039062
0 0.958594 0.143750 0.039062 0.031250
0 0.969531 0.172656 0.039062 0.026562
0 0.987500 0.150000 0.015625 0.025000
0 0.978906 0.203125 0.035937 0.028125
0 0.989062 0.229687 0.015625 0.018750
0 0.992188 0.173437 0.006250 0.018750
0 0.864062 0.014063 0.040625 0.021875
0 0.870313 0.035937 0.037500 0.025000
0 0.878906 0.060937 0.032813 0.025000
0 0.891406 0.089063 0.035937 0.028125
0 0.917969 0.152344 0.042188 0.029687
0 0.933594 0.186719 0.032813 0.035937
0 0.906250 0.119531 0.037500 0.029687
0 0.946094 0.214062 0.039062 0.025000
0 0.960938 0.243750 0.043750 0.031250
0 0.992188 0.252344 0.009375 0.023438
0 0.971094 0.275000 0.039062 0.028125
0 0.981250 0.300000 0.034375 0.021875
0 0.986719 0.328125 0.020313 0.031250
0 0.993750 0.350781 0.006250 0.014063
0 0.825781 0.017188 0.039062 0.028125
0 0.838281 0.045312 0.035937 0.028125
0 0.850781 0.075781 0.035937 0.032813
0 0.861719 0.103906 0.039062 0.026562
0 0.873437 0.132031 0.034375 0.029687
0 0.884375 0.160156 0.028125 0.029687
0 0.897656 0.189844 0.032813 0.032813
0 0.914844 0.226562 0.035937 0.037500
0 0.932813 0.267969 0.037500 0.029687
0 0.942969 0.292187 0.026562 0.021875
0 0.955469 0.318750 0.029687 0.031250
0 0.967187 0.349219 0.031250 0.029687
0 0.982812 0.372656 0.028125 0.032813
0 0.986719 0.400000 0.020313 0.021875
0 0.993750 0.427344 0.009375 0.029687
0 0.782813 0.018750 0.046875 0.034375
0 0.796094 0.052344 0.039062 0.026562
0 0.807031 0.081250 0.039062 0.028125
0 0.821094 0.107813 0.042188 0.025000
0 0.832812 0.137500 0.040625 0.028125
0 0.850000 0.169531 0.040625 0.029687
0 0.875781 0.229687 0.039062 0.025000
0 0.865625 0.201563 0.043750 0.025000
0 0.889062 0.258594 0.037500 0.026562
0 0.920312 0.317969 0.037500 0.032813
0 0.904687 0.285938 0.031250 0.028125
0 0.931250 0.346875 0.040625 0.025000
0 0.939063 0.375000 0.037500 0.028125
0 0.977344 0.414844 0.014063 0.020313
0 0.949219 0.408594 0.042188 0.032813
0 0.962500 0.439844 0.046875 0.023438
0 0.982812 0.496094 0.025000 0.035937
0 0.973437 0.465625 0.043750 0.025000
0 0.990625 0.528906 0.015625 0.026562
0 0.739062 0.014063 0.034375 0.021875
0 0.752344 0.039844 0.042188 0.026562
0 0.762500 0.069531 0.034375 0.026562
0 0.772656 0.097656 0.035937 0.026562
0 0.785937 0.125781 0.031250 0.026562
0 0.803125 0.155469 0.034375 0.026562
0 0.814844 0.183594 0.039062 0.029687
0 0.829688 0.209375 0.028125 0.025000
0 0.839844 0.235937 0.029687 0.028125
0 0.850000 0.268750 0.043750 0.031250
0 0.867188 0.300000 0.040625 0.028125
0 0.882812 0.334375 0.034375 0.031250
0 0.893750 0.366406 0.043750 0.026562
0 0.907031 0.344531 0.014063 0.010937
0 0.906250 0.394531 0.037500 0.029687
0 0.925000 0.446094 0.031250 0.026562
0 0.914062 0.419531 0.028125 0.023438
0 0.935156 0.471875 0.035937 0.025000
0 0.950781 0.500781 0.035937 0.032813
0 0.961719 0.534375 0.035937 0.025000
0 0.704688 0.013281 0.034375 0.026562
0 0.713281 0.042188 0.032813 0.025000
0 0.721094 0.067187 0.035937 0.028125
0 0.749219 0.125781 0.032813 0.029687
0 0.733594 0.095312 0.035937 0.028125
0 0.779687 0.190625 0.031250 0.025000
0 0.764844 0.159375 0.039062 0.034375
0 0.792969 0.215625 0.035937 0.021875
0 0.807813 0.240625 0.028125 0.028125
0 0.813281 0.271094 0.032813 0.029687
0 0.825000 0.300000 0.037500 0.025000
0 0.839844 0.325781 0.039062 0.026562
0 0.850000 0.352344 0.034375 0.023438
0 0.859375 0.376563 0.034375 0.025000
0 0.869531 0.403125 0.032813 0.025000
0 0.882031 0.430469 0.029687 0.023438
0 0.898438 0.483594 0.037500 0.029687
0 0.892188 0.455469 0.034375 0.023438
0 0.912500 0.516406 0.040625 0.026562
0 0.922656 0.544531 0.035937 0.026562
0 0.666406 0.014844 0.039062 0.026562
0 0.675781 0.042969 0.039062 0.026562
0 0.685937 0.070312 0.034375 0.028125
0 0.697656 0.096875 0.035937 0.028125
0 0.724219 0.160938 0.045312 0.034375
0 0.739062 0.192969 0.040625 0.029687
0 0.711719 0.125781 0.035937 0.029687
0 0.755469 0.225000 0.042188 0.028125
0 0.771094 0.256250 0.042188 0.031250
0 0.784375 0.288281 0.031250 0.029687
0 0.790625 0.314844 0.037500 0.026562
0 0.804688 0.342187 0.034375 0.028125
0 0.815625 0.369531 0.034375 0.026562
0 0.826562 0.396875 0.034375 0.025000
0 0.842969 0.424219 0.029687 0.023438
0 0.850781 0.450781 0.035937 0.026562
0 0.857812 0.480469 0.037500 0.026562
0 0.865625 0.507812 0.040625 0.031250
0 0.882812 0.539062 0.037500 0.028125
0 0.625781 0.015625 0.042188 0.031250
0 0.634375 0.044531 0.037500 0.026562
0 0.645312 0.072656 0.037500 0.023438
0 0.660156 0.096875 0.035937 0.025000
0 0.671094 0.124219 0.032813 0.026562
0 0.682813 0.153125 0.037500 0.031250
0 0.690625 0.180469 0.040625 0.023438
0 0.707812 0.210156 0.034375 0.032813
0 0.737500 0.267188 0.031250 0.028125
0 0.728906 0.240625 0.042188 0.021875
0 0.748437 0.293750 0.037500 0.021875
0 0.750781 0.315625 0.039062 0.021875
0 0.771875 0.367969 0.034375 0.023438
0 0.762500 0.341406 0.043750 0.026562
0 0.786719 0.397656 0.042188 0.029687
0 0.803906 0.428125 0.042188 0.028125
0 0.814844 0.456250 0.039062 0.028125
0 0.830469 0.513281 0.029687 0.026562
0 0.821875 0.484375 0.031250 0.025000
0 0.842969 0.539844 0.035937 0.026562
0 0.599219 0.042969 0.032813 0.026562
0 0.590625 0.014844 0.031250 0.026562
0 0.608594 0.071875 0.029687 0.025000
0 0.618750 0.100000 0.037500 0.031250
0 0.630469 0.132812 0.039062 0.028125
0 0.660937 0.192188 0.043750 0.028125
0 0.646875 0.160938 0.040625 0.028125
0 0.675000 0.221875 0.040625 0.028125
0 0.683594 0.252344 0.039062 0.029687
0 0.696875 0.281250 0.040625 0.025000
0 0.722656 0.333594 0.032813 0.029687
0 0.711719 0.307031 0.032813 0.023438
0 0.733594 0.364844 0.035937 0.029687
0 0.747656 0.395313 0.035937 0.031250
0 0.758594 0.427344 0.045312 0.032813
0 0.772656 0.459375 0.042188 0.025000
0 0.787500 0.486719 0.037500 0.026562
0 0.796094 0.516406 0.035937 0.026562
0 0.810156 0.539844 0.032813 0.029687
0 0.556250 0.014063 0.034375 0.028125
0 0.564063 0.040625 0.037500 0.025000
0 0.582812 0.097656 0.037500 0.026562
0 0.575781 0.068750 0.032813 0.028125
0 0.590625 0.124219 0.031250 0.023438
0 0.603906 0.150000 0.039062 0.025000
0 0.622656 0.201563 0.035937 0.025000
0 0.615625 0.175000 0.037500 0.025000
0 0.646094 0.257812 0.039062 0.028125
0 0.635156 0.228906 0.035937 0.026562
0 0.657031 0.287500 0.035937 0.028125
0 0.672656 0.310937 0.042188 0.025000
0 0.688281 0.339844 0.035937 0.029687
0 0.696094 0.368750 0.029687 0.021875
0 0.707812 0.392969 0.043750 0.026562
0 0.715625 0.421875 0.037500 0.028125
0 0.726562 0.447656 0.040625 0.026562
0 0.739844 0.472656 0.048438 0.023438
0 0.753906 0.496875 0.035937 0.025000
0 0.759375 0.520312 0.034375 0.025000
0 0.778125 0.545312 0.043750 0.025000
0 0.517969 0.014063 0.042188 0.025000
0 0.522656 0.040625 0.039062 0.025000
0 0.537500 0.067187 0.043750 0.028125
0 0.547656 0.096094 0.035937 0.026562
0 0.558594 0.125000 0.032813 0.025000
0 0.571094 0.153125 0.035937 0.025000
0 0.585938 0.180469 0.031250 0.023438
0 0.588281 0.207031 0.039062 0.026562
0 0.596875 0.233594 0.040625 0.023438
0 0.612500 0.259375 0.031250 0.031250
0 0.621875 0.292969 0.034375 0.026562
0 0.631250 0.324219 0.037500 0.029687
0 0.646094 0.354687 0.039062 0.028125
0 0.660937 0.332031 0.012500 0.014063
0 0.657813 0.382812 0.040625 0.028125
0 0.667969 0.411719 0.035937 0.023438
0 0.681250 0.439844 0.043750 0.029687
0 0.691406 0.467969 0.042188 0.026562
0 0.709375 0.495312 0.050000 0.028125
0 0.720313 0.521875 0.037500 0.028125
0 0.733594 0.548438 0.039062 0.025000
0 0.476562 0.013281 0.037500 0.023438
0 0.484375 0.039062 0.034375 0.028125
0 0.492188 0.062500 0.037500 0.021875
0 0.502344 0.088281 0.042188 0.029687
0 0.513281 0.117188 0.045312 0.025000
0 0.525000 0.145313 0.043750 0.025000
0 0.542188 0.175000 0.046875 0.031250
0 0.549219 0.205469 0.029687 0.023438
0 0.558594 0.231250 0.035937 0.028125
0 0.572656 0.257812 0.035937 0.021875
0 0.582031 0.285938 0.029687 0.034375
0 0.592187 0.314063 0.037500 0.025000
0 0.600781 0.338281 0.032813 0.023438
0 0.611719 0.361719 0.029687 0.023438
0 0.621094 0.387500 0.032813 0.031250
0 0.630469 0.412500 0.032813 0.021875
0 0.643750 0.434375 0.025000 0.021875
0 0.652344 0.457031 0.029687 0.023438
0 0.660937 0.480469 0.031250 0.023438
0 0.671875 0.508594 0.034375 0.026562
0 0.694531 0.561719 0.039062 0.017188
0 0.685937 0.537500 0.043750 0.028125
0 0.439844 0.014844 0.029687 0.026562
0 0.448437 0.042188 0.034375 0.025000
0 0.459375 0.068750 0.034375 0.021875
0 0.467187 0.094531 0.031250 0.029687
0 0.476562 0.125781 0.028125 0.023438
0 0.489063 0.149219 0.031250 0.020313
0 0.501563 0.173437 0.034375 0.028125
0 0.513281 0.202344 0.039062 0.029687
0 0.523438 0.230469 0.034375 0.023438
0 0.531250 0.254688 0.037500 0.021875
0 0.544531 0.278125 0.035937 0.025000
0 0.554688 0.306250 0.031250 0.025000
0 0.563281 0.332813 0.029687 0.021875
0 0.574219 0.357812 0.042188 0.025000
0 0.578125 0.385156 0.046875 0.023438
0 0.591406 0.413281 0.048438 0.026562
0 0.606250 0.439063 0.043750 0.025000
0 0.618750 0.468750 0.043750 0.031250
0 0.629687 0.499219 0.037500 0.023438
0 0.639062 0.525000 0.037500 0.025000
0 0.649219 0.547656 0.029687 0.017188
0 0.401562 0.014844 0.046875 0.023438
0 0.412500 0.040625 0.034375 0.025000
0 0.423438 0.068750 0.034375 0.025000
0 0.434375 0.093750 0.037500 0.025000
0 0.441406 0.119531 0.039062 0.026562
0 0.451562 0.143750 0.034375 0.025000
0 0.475781 0.200000 0.035937 0.025000
0 0.467187 0.171094 0.031250 0.029687
0 0.485938 0.228906 0.034375 0.026562
0 0.494531 0.255469 0.035937 0.026562
0 0.507031 0.282031 0.042188 0.026562
0 0.519531 0.311719 0.032813 0.023438
0 0.529687 0.339844 0.034375 0.029687
0 0.535156 0.367188 0.029687 0.021875
0 0.543750 0.390625 0.025000 0.025000
0 0.566406 0.446094 0.039062 0.026562
0 0.553906 0.415625 0.026562 0.021875
0 0.583594 0.475000 0.026562 0.031250
0 0.594531 0.505469 0.032813 0.026562
0 0.607812 0.531250 0.021875 0.018750
0 0.358594 0.014844 0.032813 0.026562
0 0.372656 0.043750 0.048438 0.025000
0 0.383594 0.071875 0.042188 0.025000
0 0.395313 0.096875 0.034375 0.025000
0 0.410938 0.129688 0.034375 0.040625
0 0.424219 0.164844 0.032813 0.026562
0 0.432031 0.191406 0.035937 0.023438
0 0.446875 0.218750 0.037500 0.025000
0 0.466406 0.278906 0.039062 0.026562
0 0.460156 0.248438 0.032813 0.031250
0 0.480469 0.308594 0.042188 0.029687
0 0.491406 0.337500 0.035937 0.028125
0 0.499219 0.364844 0.029687 0.026562
0 0.512500 0.395313 0.034375 0.028125
0 0.522656 0.423438 0.032813 0.028125
0 0.533594 0.449219 0.020313 0.023438
0 0.550781 0.476562 0.035937 0.025000
0 0.562500 0.503906 0.031250 0.029687
0 0.578906 0.531250 0.026562 0.021875
0 0.317188 0.013281 0.046875 0.026562
0 0.323437 0.042188 0.043750 0.025000
0 0.336719 0.070312 0.045312 0.025000
0 0.353125 0.099219 0.040625 0.026562
0 0.367969 0.124219 0.048438 0.026562
0 0.374219 0.150781 0.045312 0.023438
0 0.385156 0.174219 0.039062 0.020313
0 0.390625 0.197656 0.040625 0.026562
0 0.407031 0.224219 0.039062 0.023438
0 0.421094 0.249219 0.035937 0.026562
0 0.428906 0.273438 0.035937 0.025000
0 0.437500 0.299219 0.031250 0.026562
0 0.460938 0.355469 0.040625 0.026562
0 0.451562 0.328125 0.037500 0.028125
0 0.471094 0.382812 0.042188 0.028125
0 0.480469 0.409375 0.039062 0.021875
0 0.489063 0.435156 0.037500 0.023438
0 0.505469 0.463281 0.042188 0.029687
0 0.514062 0.442188 0.018750 0.018750
0 0.520312 0.490625 0.040625 0.028125
0 0.556250 0.525000 0.021875 0.021875
0 0.530469 0.516406 0.032813 0.023438
0 0.546094 0.539844 0.035937 0.023438
0 0.278125 0.012500 0.031250 0.021875
0 0.282813 0.032031 0.031250 0.023438
0 0.290625 0.057031 0.028125 0.023438
0 0.299219 0.082812 0.026562 0.028125
0 0.322656 0.092969 0.014063 0.014063
0 0.321094 0.113281 0.032813 0.026562
0 0.324219 0.138281 0.035937 0.023438
0 0.332031 0.164844 0.039062 0.026562
0 0.344531 0.189844 0.039062 0.026562
0 0.360938 0.217188 0.040625 0.025000
0 0.378906 0.241406 0.045312 0.020313
0 0.387500 0.265625 0.031250 0.025000
0 0.400000 0.292969 0.034375 0.026562
0 0.412500 0.321094 0.040625 0.026562
0 0.421875 0.350000 0.031250 0.028125
0 0.429688 0.376563 0.031250 0.028125
0 0.441406 0.403125 0.032813 0.025000
0 0.452344 0.432031 0.035937 0.029687
0 0.467969 0.462500 0.032813 0.028125
0 0.493750 0.517188 0.034375 0.021875
0 0.482031 0.490625 0.032813 0.025000
0 0.239844 0.013281 0.035937 0.023438
0 0.247656 0.036719 0.035937 0.023438
0 0.266406 0.086719 0.042188 0.026562
0 0.258594 0.058594 0.032813 0.020313
0 0.283594 0.114844 0.032813 0.026562
0 0.292187 0.143750 0.031250 0.028125
0 0.300781 0.171094 0.029687 0.026562
0 0.308594 0.200000 0.035937 0.028125
0 0.325000 0.229687 0.034375 0.028125
0 0.335156 0.256250 0.039062 0.021875
0 0.350000 0.280469 0.043750 0.023438
0 0.367969 0.310156 0.042188 0.029687
0 0.376563 0.284375 0.015625 0.021875
0 0.335156 0.210156 0.014063 0.020313
0 0.382031 0.341406 0.042188 0.026562
0 0.391406 0.367188 0.039062 0.028125
0 0.401562 0.395313 0.043750 0.028125
0 0.410938 0.423438 0.040625 0.025000
0 0.423438 0.449219 0.046875 0.026562
0 0.441406 0.477344 0.042188 0.023438
0 0.448437 0.501563 0.037500 0.021875
0 0.458594 0.525781 0.032813 0.023438
0 0.203125 0.015625 0.034375 0.025000
0 0.209375 0.041406 0.034375 0.023438
0 0.223438 0.070312 0.037500 0.028125
0 0.232813 0.099219 0.037500 0.026562
0 0.245312 0.125000 0.037500 0.021875
0 0.255469 0.150781 0.035937 0.023438
0 0.264844 0.177344 0.035937 0.023438
0 0.275000 0.205469 0.028125 0.026562
0 0.288281 0.233594 0.032813 0.023438
0 0.299219 0.258594 0.032813 0.023438
0 0.311719 0.281250 0.029687 0.021875
0 0.323437 0.304688 0.043750 0.021875
0 0.336719 0.330469 0.029687 0.020313
0 0.350000 0.357031 0.034375 0.026562
0 0.360156 0.385937 0.035937 0.028125
0 0.368750 0.414062 0.037500 0.025000
0 0.378906 0.438281 0.035937 0.026562
0 0.389062 0.463281 0.034375 0.020313
0 0.401562 0.484375 0.040625 0.028125
0 0.414844 0.510156 0.035937 0.023438
0 0.427344 0.531250 0.032813 0.018750
0 0.163281 0.014063 0.039062 0.025000
0 0.174219 0.038281 0.039062 0.023438
0 0.181250 0.064844 0.037500 0.023438
0 0.193750 0.092969 0.031250 0.032813
0 0.204687 0.121875 0.037500 0.028125
0 0.214062 0.150000 0.037500 0.025000
0 0.225000 0.175781 0.043750 0.026562
0 0.242188 0.204687 0.034375 0.028125
0 0.251563 0.232813 0.034375 0.025000
0 0.263281 0.260156 0.039062 0.026562
0 0.278125 0.286719 0.034375 0.023438
0 0.290625 0.312500 0.034375 0.021875
0 0.307031 0.335938 0.035937 0.021875
0 0.316406 0.357031 0.026562 0.020313
0 0.324219 0.381250 0.032813 0.028125
0 0.330469 0.409375 0.032813 0.021875
0 0.342969 0.436719 0.035937 0.029687
0 0.349219 0.465625 0.039062 0.021875
0 0.361719 0.487500 0.039062 0.025000
0 0.371875 0.512500 0.043750 0.028125
0 0.386719 0.537500 0.045312 0.018750
0 0.121094 0.015625 0.042188 0.025000
0 0.133594 0.042969 0.035937 0.023438
0 0.142187 0.068750 0.034375 0.025000
0 0.155469 0.096094 0.039062 0.026562
0 0.164062 0.124219 0.040625 0.023438
0 0.175781 0.149219 0.029687 0.023438
0 0.182812 0.175781 0.034375 0.023438
0 0.200000 0.203125 0.046875 0.031250
0 0.210938 0.233594 0.040625 0.026562
0 0.225000 0.264844 0.034375 0.026562
0 0.242188 0.292969 0.034375 0.026562
0 0.253906 0.323437 0.039062 0.025000
0 0.268750 0.350000 0.040625 0.025000
0 0.288281 0.377344 0.035937 0.026562
0 0.295312 0.406250 0.031250 0.028125
0 0.307031 0.469531 0.042188 0.026562
0 0.302344 0.439063 0.042188 0.031250
0 0.316406 0.496875 0.045312 0.028125
0 0.330469 0.525000 0.042188 0.021875
0 0.357031 0.532813 0.010937 0.012500
0 0.087500 0.014063 0.043750 0.025000
0 0.095312 0.042969 0.037500 0.026562
0 0.104688 0.068750 0.037500 0.021875
0 0.114844 0.093750 0.039062 0.031250
0 0.125781 0.121875 0.029687 0.025000
0 0.136719 0.149219 0.042188 0.026562
0 0.146094 0.175781 0.035937 0.026562
0 0.156250 0.205469 0.037500 0.029687
0 0.170313 0.233594 0.034375 0.023438
0 0.183594 0.259375 0.042188 0.025000
0 0.209375 0.312500 0.037500 0.025000
0 0.205469 0.285938 0.035937 0.028125
0 0.224219 0.339062 0.039062 0.028125
0 0.233594 0.364844 0.032813 0.023438
0 0.258594 0.373437 0.017188 0.018750
0 0.247656 0.391406 0.042188 0.029687
0 0.258594 0.423438 0.035937 0.031250
0 0.264844 0.457031 0.035937 0.026562
0 0.270313 0.485156 0.037500 0.026562
0 0.275781 0.507812 0.039062 0.021875
0 0.288281 0.529687 0.042188 0.025000
0 0.295312 0.554688 0.034375 0.021875
0 0.337500 0.549219 0.046875 0.023438
0 0.047656 0.016406 -0.039062 -0.029687
0 0.056250 0.046094 0.037500 0.023438
0 0.066406 0.069531 0.035937 0.020313
0 0.078125 0.092188 0.034375 0.025000
0 0.088281 0.119531 0.039062 0.029687
0 0.094531 0.146875 0.039062 0.025000
0 0.106250 0.172656 0.037500 0.026562
0 0.114062 0.201563 0.040625 0.031250
0 0.132031 0.234375 0.045312 0.031250
0 0.145313 0.262500 0.040625 0.025000
0 0.171094 0.321094 0.042188 0.029687
0 0.159375 0.289844 0.050000 0.029687
0 0.190625 0.349219 0.037500 0.026562
0 0.203906 0.378125 0.032813 0.025000
0 0.210156 0.400000 0.029687 0.025000
0 0.217188 0.423438 0.040625 0.031250
0 0.225781 0.453125 0.035937 0.028125
0 0.234375 0.482812 0.034375 0.031250
0 0.246875 0.505469 0.018750 0.014063
0 0.247656 0.525000 0.032813 0.025000
0 0.017188 0.021094 -0.031250 -0.039062
0 0.026562 0.056250 0.031250 0.028125
0 0.036719 0.086719 0.039062 0.026562
0 0.047656 0.115625 0.039062 0.031250
0 0.061719 0.145313 0.042188 0.025000
0 0.066406 0.170313 0.035937 0.025000
0 0.073438 0.200781 0.037500 0.032813
0 0.094531 0.232813 0.042188 0.031250
0 0.109375 0.263281 0.037500 0.029687
0 0.117969 0.292969 0.029687 0.026562
0 0.130469 0.321875 0.039062 0.028125
0 0.146094 0.353125 0.048438 0.028125
0 0.159375 0.381250 0.046875 0.025000
0 0.171875 0.409375 0.040625 0.031250
0 0.182812 0.439844 0.034375 0.023438
0 0.190625 0.465625 0.031250 0.021875
0 0.198437 0.489063 0.037500 0.025000
0 0.208594 0.512500 0.039062 0.021875
0 0.217188 0.536719 0.037500 0.020313
0 0.257031 0.549219 0.035937 0.023438
0 0.008594 0.060937 -0.017188 -0.037500
0 0.011719 0.091406 -0.023438 -0.020313
0 0.015625 0.117188 -0.031250 -0.025000
0 0.025781 0.149219 0.032813 0.026562
0 0.032813 0.175781 0.028125 0.023438
0 0.042969 0.201563 0.032813 0.025000
0 0.067969 0.259375 0.042188 0.028125
0 0.056250 0.228906 0.031250 0.026562
0 0.081250 0.288281 0.037500 0.029687
0 0.090625 0.317969 0.037500 0.029687
0 0.100781 0.348438 0.035937 0.028125
0 0.114062 0.375000 0.037500 0.025000
0 0.128125 0.402344 0.040625 0.035937
0 0.140625 0.436719 0.043750 0.032813
0 0.159375 0.470313 0.031250 0.031250
0 0.171094 0.505469 0.035937 0.032813
0 0.178906 0.537500 0.035937 0.025000
0 0.011719 0.159375 -0.017188 -0.043750
0 0.013281 0.196094 -0.023438 -0.035937
0 0.020313 0.229687 -0.037500 -0.025000
0 0.039844 0.291406 0.042188 0.032813
0 0.053125 0.323437 0.037500 0.031250
0 0.023438 0.260156 -0.043750 -0.032813
0 0.063281 0.354687 0.035937 0.028125
0 0.076563 0.381250 0.043750 0.028125
0 0.089063 0.411719 0.043750 0.029687
0 0.101562 0.442188 0.040625 0.025000
0 0.116406 0.472656 0.045312 0.032813
0 0.125000 0.507031 0.037500 0.026562
0 0.131250 0.535156 0.037500 0.029687
0 0.017969 0.319531 -0.029687 -0.035937
0 0.011719 0.293750 -0.020313 -0.025000
0 0.027344 0.357031 0.029687 0.032813
0 0.034375 0.388281 0.040625 0.029687
0 0.050000 0.417187 0.034375 0.025000
0 0.060156 0.446094 0.042188 0.029687
0 0.071875 0.477344 0.037500 0.029687
0 0.082031 0.509375 0.039062 0.028125
0 0.008594 0.357031 -0.017188 -0.035937
0 0.017969 0.425000 -0.032813 -0.031250
0 0.013281 0.393750 -0.020313 -0.034375
0 0.026562 0.453906 -0.037500 -0.029687
0 0.032031 0.484375 0.035937 0.028125
0 0.045312 0.514844 0.034375 0.029687
0 0.058594 0.543750 0.039062 0.025000
0 0.090625 0.536719 0.034375 0.029687
0 0.012500 0.473438 -0.021875 -0.053125
0 0.014844 0.513281 -0.026562 -0.026562
0 0.017969 0.542188 -0.032813 -0.028125
0 0.021094 0.574219 0.032813 0.032813
0 0.031250 0.607031 0.040625 0.032813
0 0.044531 0.642188 0.035937 0.031250
0 0.058594 0.672656 0.035937 0.029687
0 0.067187 0.704688 0.040625 0.028125
0 0.093750 0.771094 0.043750 0.029687
0 0.080469 0.735938 0.042188 0.034375
0 0.103906 0.797656 0.032813 0.026562
0 0.117188 0.830469 0.034375 0.029687
0 0.132031 0.862500 0.035937 0.028125
0 0.143750 0.890625 0.034375 0.028125
0 0.150000 0.919531 0.028125 0.026562
0 0.014063 0.621875 -0.028125 -0.053125
0 0.020313 0.667969 -0.040625 -0.035937
0 0.032031 0.704688 0.029687 0.031250
0 0.040625 0.737500 0.034375 0.031250
0 0.053125 0.768750 0.037500 0.031250
0 0.065625 0.800000 0.040625 0.031250
0 0.080469 0.831250 0.035937 0.028125
0 0.093750 0.862500 0.037500 0.031250
0 0.102344 0.894531 0.048438 0.029687
0 0.111719 0.924219 0.042188 0.026562
0 0.124219 0.953125 0.042188 0.025000
0 0.135156 0.974219 0.039062 0.017188
0 0.140625 0.990625 0.040625 0.015625
0 0.010937 0.704688 -0.015625 -0.031250
0 0.017969 0.739062 -0.029687 -0.031250
0 0.018750 0.769531 -0.031250 -0.026562
0 0.028125 0.799219 0.034375 0.032813
0 0.042969 0.831250 0.032813 0.034375
0 0.052344 0.864844 0.032813 0.032813
0 0.061719 0.897656 0.035937 0.032813
0 0.075000 0.930469 0.037500 0.026562
0 0.099219 0.984375 0.035937 0.025000
0 0.087500 0.957812 0.034375 0.021875
0 0.016406 0.832031 -0.026562 -0.035937
0 0.010937 0.803906 -0.015625 -0.035937
0 0.022656 0.868750 0.029687 0.037500
0 0.038281 0.908594 0.035937 0.032813
0 0.042969 0.941406 0.026562 0.032813
0 0.057031 0.977344 0.035937 0.039062
0 0.011719 0.907031 -0.020313 -0.032813
0 0.017969 0.942969 -0.032813 -0.032813
0 0.018750 0.981250 -0.031250 0.031250
0 0.061719 0.574219 0.042188 0.032813
0 0.068750 0.606250 0.040625 0.034375
0 0.077344 0.635938 0.032813 0.034375
0 0.089844 0.669531 0.032813 0.029687
0 0.099219 0.696094 0.039062 0.026562
0 0.113281 0.724219 0.039062 0.026562
0 0.125781 0.754687 0.035937 0.034375
0 0.136719 0.789062 0.039062 0.031250
0 0.146094 0.825781 0.039062 0.032813
0 0.167187 0.860938 0.043750 0.034375
0 0.177344 0.896094 0.035937 0.029687
0 0.188281 0.927344 0.039062 0.032813
0 0.209375 0.983594 0.040625 0.023438
0 0.197656 0.956250 0.039062 0.028125
0 0.158594 0.946094 0.032813 0.026562
0 0.171094 0.978125 0.032813 0.034375
0 0.106250 0.567969 -0.046875 -0.032813
0 0.111719 0.600000 0.042188 0.025000
0 0.114062 0.628125 0.037500 0.031250
0 0.123438 0.657813 0.040625 0.028125
0 0.132031 0.688281 0.045312 0.032813
0 0.146875 0.720313 0.046875 0.028125
0 0.158594 0.746875 0.035937 0.028125
0 0.169531 0.777344 0.039062 0.029687
0 0.178906 0.803906 0.039062 0.029687
0 0.189062 0.830469 0.053125 0.026562
0 0.207031 0.856250 0.039062 0.028125
0 0.212500 0.883594 0.037500 0.026562
0 0.222656 0.910937 0.045312 0.025000
0 0.235937 0.939063 0.043750 0.028125
0 0.253906 0.989062 0.042188 0.015625
0 0.243750 0.967187 0.043750 0.025000
0 0.145313 0.565625 0.031250 0.025000
0 0.152344 0.596094 0.042188 0.029687
0 0.160938 0.630469 0.046875 0.029687
0 0.167187 0.660937 0.043750 0.034375
0 0.180469 0.696094 0.045312 0.032813
0 0.193750 0.726562 0.046875 0.028125
0 0.203906 0.760156 0.045312 0.035937
0 0.221875 0.795312 0.046875 0.028125
0 0.238281 0.828906 0.048438 0.032813
0 0.251563 0.860156 0.037500 0.023438
0 0.258594 0.888281 0.048438 0.026562
0 0.271875 0.916406 0.043750 0.026562
0 0.280469 0.942969 0.039062 0.026562
0 0.289844 0.969531 0.042188 0.023438
0 0.300781 0.989844 0.051562 0.014063
0 0.188281 0.568750 0.042188 0.031250
0 0.197656 0.603906 0.042188 0.032813
0 0.207813 0.635938 0.040625 0.031250
0 0.216406 0.669531 0.048438 0.032813
0 0.232031 0.702344 0.048438 0.029687
0 0.242188 0.738281 0.043750 0.035937
0 0.259375 0.774219 0.053125 0.029687
0 0.275781 0.805469 0.051562 0.026562
0 0.285938 0.836719 0.050000 0.029687
0 0.299219 0.867969 0.045312 0.029687
0 0.309375 0.898438 0.043750 0.031250
0 0.321875 0.929688 0.046875 0.031250
0 0.331250 0.962500 0.046875 0.031250
0 0.344531 0.988281 0.042188 0.020313
0 0.222656 0.557813 0.032813 0.021875
0 0.231250 0.583594 0.037500 0.026562
0 0.238281 0.614062 0.035937 0.034375
0 0.250781 0.645312 0.045312 0.028125
0 0.261719 0.675781 0.042188 0.032813
0 0.277344 0.710938 0.039062 0.031250
0 0.302344 0.769531 0.039062 0.026562
0 0.288281 0.740625 0.048438 0.028125
0 0.314063 0.799219 0.040625 0.029687
0 0.325781 0.830469 0.039062 0.029687
0 0.339062 0.863281 0.040625 0.035937
0 0.351562 0.897656 0.037500 0.029687
0 0.366406 0.927344 0.042188 0.029687
0 0.376563 0.960156 0.043750 0.029687
0 0.382031 0.985938 0.035937 0.025000
0 0.264844 0.577344 0.039062 0.026562
0 0.273438 0.607812 0.040625 0.031250
0 0.283594 0.639062 0.039062 0.031250
0 0.300000 0.672656 0.043750 0.032813
0 0.316406 0.706250 0.039062 0.031250
0 0.331250 0.738281 0.040625 0.035937
0 0.342969 0.773438 0.039062 0.031250
0 0.350000 0.805469 0.040625 0.035937
0 0.365625 0.838281 0.037500 0.029687
0 0.380469 0.867969 0.042188 0.029687
0 0.387500 0.898438 0.037500 0.025000
0 0.402344 0.928125 0.035937 0.037500
0 0.414062 0.957812 0.034375 0.021875
0 0.421094 0.983594 0.039062 0.023438
0 0.307812 0.582812 0.040625 0.028125
0 0.317969 0.614062 0.042188 0.031250
0 0.328125 0.644531 0.050000 0.026562
0 0.348438 0.672656 0.040625 0.026562
0 0.354687 0.701562 0.037500 0.031250
0 0.371094 0.733594 0.042188 0.032813
0 0.382812 0.766406 0.043750 0.035937
0 0.394531 0.798438 0.045312 0.028125
0 0.399219 0.829688 0.042188 0.031250
0 0.413281 0.861719 0.039062 0.032813
0 0.424219 0.893750 0.039062 0.031250
0 0.438281 0.925781 0.032813 0.032813
0 0.450000 0.958594 0.034375 0.026562
0 0.458594 0.985938 0.032813 0.021875
0 0.350000 0.578906 0.046875 0.039062
0 0.359375 0.614062 0.040625 0.031250
0 0.371875 0.647656 0.034375 0.029687
0 0.385156 0.678906 0.032813 0.032813
0 0.394531 0.709375 0.039062 0.028125
0 0.410156 0.735156 0.039062 0.026562
0 0.417187 0.760938 0.034375 0.025000
0 0.423438 0.785156 0.031250 0.020313
0 0.429688 0.806250 0.028125 0.021875
0 0.439063 0.832031 0.034375 0.026562
0 0.445312 0.858594 0.025000 0.023438
0 0.453906 0.883594 0.032813 0.023438
0 0.462500 0.909375 0.034375 0.025000
0 0.475000 0.937500 0.043750 0.034375
0 0.487500 0.966406 0.046875 0.026562
0 0.497656 0.989062 0.042188 0.018750
0 0.387500 0.559375 0.043750 0.025000
0 0.400000 0.610938 0.034375 0.025000
0 0.391406 0.584375 0.035937 0.025000
0 0.407031 0.637500 0.039062 0.028125
0 0.417969 0.667188 0.045312 0.028125
0 0.429688 0.697656 0.046875 0.029687
0 0.440625 0.725000 0.043750 0.025000
0 0.453125 0.752344 0.037500 0.026562
0 0.459375 0.778125 0.037500 0.025000
0 0.468750 0.807813 0.037500 0.028125
0 0.478906 0.839063 0.039062 0.031250
0 0.485938 0.867188 0.046875 0.025000
0 0.494531 0.892969 0.042188 0.026562
0 0.506250 0.919531 0.046875 0.023438
0 0.518750 0.944531 0.046875 0.026562
0 0.531250 0.968750 0.040625 0.025000
0 0.542969 0.988281 0.042188 0.017188
0 0.427344 0.556250 0.035937 0.028125
0 0.429688 0.580469 0.037500 0.023438
0 0.439844 0.607812 0.048438 0.028125
0 0.449219 0.638281 0.042188 0.026562
0 0.463281 0.667969 0.042188 0.026562
0 0.471875 0.695312 0.031250 0.021875
0 0.478906 0.721094 0.032813 0.026562
0 0.489844 0.748437 0.026562 0.028125
0 0.500781 0.778125 0.035937 0.031250
0 0.512500 0.809375 0.034375 0.028125
0 0.521875 0.837500 0.034375 0.025000
0 0.531250 0.864844 0.040625 0.029687
0 0.537500 0.890625 0.040625 0.021875
0 0.550000 0.919531 0.037500 0.029687
0 0.567187 0.946094 0.037500 0.023438
0 0.577344 0.970313 0.039062 0.025000
0 0.585156 0.989062 0.029687 0.015625
0 0.468750 0.551562 0.037500 0.028125
0 0.464844 0.581250 0.023438 0.021875
0 0.475000 0.605469 0.028125 0.023438
0 0.484375 0.631250 0.028125 0.028125
0 0.491406 0.658594 0.026562 0.026562
0 0.500781 0.688281 0.032813 0.032813
0 0.512500 0.719531 0.028125 0.026562
0 0.521875 0.746875 0.037500 0.031250
0 0.535937 0.778125 0.034375 0.028125
0 0.545312 0.807031 0.034375 0.026562
0 0.554688 0.835938 0.031250 0.025000
0 0.566406 0.864844 0.035937 0.029687
0 0.580469 0.892969 0.042188 0.026562
0 0.590625 0.923438 0.037500 0.028125
0 0.602344 0.951562 0.032813 0.025000
0 0.613281 0.979688 0.032813 0.034375
0 0.500781 0.543750 0.029687 0.025000
0 0.495312 0.578125 0.034375 0.025000
0 0.500000 0.603125 0.015625 0.021875
0 0.505469 0.629687 0.017188 0.025000
0 0.528906 0.686719 0.020313 0.035937
0 0.517188 0.657031 0.025000 0.026562
0 0.543750 0.720313 0.025000 0.028125
0 0.558594 0.751563 0.029687 0.028125
0 0.575781 0.782813 0.039062 0.031250
0 0.579688 0.815625 0.034375 0.034375
0 0.610156 0.871094 0.045312 0.023438
0 0.593750 0.845313 0.037500 0.025000
0 0.619531 0.896094 0.029687 0.026562
0 0.628125 0.921875 0.037500 0.021875
0 0.639062 0.946875 0.037500 0.028125
0 0.653125 0.975000 0.043750 0.025000
0 0.655469 0.989844 0.051562 0.014063
0 0.528906 0.566406 0.039062 0.023438
0 0.536719 0.596094 0.045312 0.029687
0 0.515625 0.618750 0.012500 0.018750
0 0.547656 0.621875 0.035937 0.025000
0 0.553125 0.648438 0.046875 0.025000
0 0.560156 0.677344 0.045312 0.026562
0 0.569531 0.705469 0.051562 0.035937
0 0.585156 0.732812 0.042188 0.025000
0 0.600781 0.762500 0.042188 0.031250
0 0.620313 0.799219 0.046875 0.032813
0 0.627344 0.832812 0.060937 0.034375
0 0.643750 0.863281 0.050000 0.026562
0 0.656250 0.894531 0.040625 0.029687
0 0.670312 0.923438 0.046875 0.028125
0 0.684375 0.949219 0.034375 0.023438
0 0.697656 0.979688 0.042188 0.034375
0 0.560937 0.564844 0.028125 0.026562
0 0.571875 0.587500 0.018750 0.018750
0 0.575781 0.609375 0.023438 0.021875
0 0.582031 0.634375 0.026562 0.025000
0 0.592187 0.657031 0.031250 0.020313
0 0.604688 0.683594 0.043750 0.032813
0 0.619531 0.739062 0.014063 0.028125
0 0.620313 0.712500 0.043750 0.028125
0 0.646875 0.752344 0.043750 0.026562
0 0.650781 0.782031 0.048438 0.032813
0 0.667969 0.814844 0.042188 0.029687
0 0.679688 0.847656 0.034375 0.029687
0 0.690625 0.880469 0.040625 0.029687
0 0.703906 0.911719 0.048438 0.029687
0 0.718750 0.942187 0.040625 0.028125
0 0.728125 0.966406 0.040625 0.020313
0 0.736719 0.987500 0.035937 0.018750
0 0.583594 0.557031 0.029687 0.029687
0 0.592187 0.582812 0.018750 0.018750
0 0.597656 0.603125 0.023438 0.021875
0 0.607812 0.622656 0.028125 0.020313
0 0.614844 0.642969 0.023438 0.020313
0 0.631250 0.663281 0.028125 0.020313
0 0.639062 0.682813 0.021875 0.021875
0 0.617969 0.554688 0.029687 0.025000
0 0.621094 0.580469 0.032813 0.023438
0 0.625781 0.603906 0.029687 0.020313
0 0.635156 0.625000 0.026562 0.021875
0 0.642969 0.644531 0.039062 0.020313
0 0.657031 0.662500 0.029687 0.021875
0 0.665625 0.685156 0.028125 0.023438
0 0.664844 0.709375 0.039062 0.018750
0 0.678906 0.735938 0.039062 0.025000
0 0.692187 0.763281 0.040625 0.026562
0 0.700781 0.790625 0.039062 0.028125
0 0.711719 0.817969 0.039062 0.026562
0 0.721875 0.844531 0.043750 0.023438
0 0.731250 0.871094 0.040625 0.026562
0 0.742969 0.897656 0.039062 0.020313
0 0.753906 0.921094 0.035937 0.026562
0 0.761719 0.946094 0.035937 0.020313
0 0.767188 0.967969 0.034375 0.023438
0 0.775000 0.990625 0.031250 0.015625
0 0.654687 0.569531 0.034375 0.020313
0 0.660937 0.591406 0.034375 0.020313
0 0.667969 0.614844 0.039062 0.032813
0 0.685937 0.646875 0.043750 0.028125
0 0.695312 0.675781 0.043750 0.029687
0 0.703906 0.703906 0.035937 0.026562
0 0.717187 0.732812 0.040625 0.028125
0 0.728906 0.760938 0.035937 0.028125
0 0.741406 0.789844 0.032813 0.032813
0 0.751563 0.820312 0.034375 0.025000
0 0.775781 0.875000 0.045312 0.025000
0 0.788281 0.905469 0.045312 0.032813
0 0.769531 0.848437 0.039062 0.025000
0 0.799219 0.935937 0.045312 0.025000
0 0.817187 0.987500 0.053125 0.018750
0 0.811719 0.963281 0.048438 0.026562
0 0.700000 0.582812 0.040625 0.018750
0 0.707031 0.607031 0.042188 0.026562
0 0.717969 0.634375 0.045312 0.028125
0 0.729688 0.660156 0.037500 0.023438
0 0.739062 0.685937 0.034375 0.028125
0 0.747656 0.714844 0.035937 0.023438
0 0.755469 0.739844 0.035937 0.026562
0 0.768750 0.769531 0.040625 0.029687
0 0.778125 0.800000 0.034375 0.028125
0 0.789062 0.827344 0.034375 0.029687
0 0.807031 0.856250 0.032813 0.025000
0 0.814844 0.880469 0.029687 0.029687
0 0.827344 0.908594 0.026562 0.026562
0 0.837500 0.932813 0.025000 0.021875
0 0.845313 0.955469 0.028125 0.023438
0 0.742969 0.581250 0.039062 0.028125
0 0.747656 0.609375 0.035937 0.028125
0 0.756250 0.637500 0.034375 0.028125
0 0.767969 0.663281 0.039062 0.029687
0 0.778906 0.695312 0.039062 0.028125
0 0.792188 0.725781 0.043750 0.026562
0 0.802344 0.756250 0.048438 0.028125
0 0.815625 0.785937 0.040625 0.028125
0 0.835156 0.845313 0.045312 0.031250
0 0.823438 0.814063 0.046875 0.028125
0 0.850781 0.877344 0.039062 0.026562
0 0.864062 0.907813 0.043750 0.034375
0 0.871875 0.939844 0.040625 0.029687
0 0.887500 0.965625 0.043750 0.025000
0 0.900781 0.988281 0.032813 0.017188
0 0.859375 0.982812 0.037500 0.028125
0 0.778906 0.575781 0.039062 0.026562
0 0.789062 0.606250 0.046875 0.034375
0 0.794531 0.636719 0.042188 0.026562
0 0.802344 0.660937 0.035937 0.028125
0 0.811719 0.689063 0.039062 0.031250
0 0.822656 0.717187 0.039062 0.025000
0 0.833594 0.741406 0.032813 0.026562
0 0.847656 0.768750 0.039062 0.025000
0 0.859375 0.795312 0.037500 0.025000
0 0.870313 0.822656 0.043750 0.029687
0 0.878906 0.851562 0.042188 0.031250
0 0.891406 0.882031 0.042188 0.026562
0 0.908594 0.913281 0.042188 0.029687
0 0.918750 0.943750 0.043750 0.028125
0 0.932031 0.968750 0.039062 0.025000
0 0.939063 0.989062 0.040625 0.018750
0 0.815625 0.568750 0.034375 0.025000
0 0.822656 0.592969 0.029687 0.023438
0 0.838281 0.619531 0.039062 0.026562
0 0.845313 0.651563 0.046875 0.034375
0 0.853906 0.685937 0.048438 0.034375
0 0.864062 0.715625 0.037500 0.028125
0 0.872656 0.743750 0.035937 0.025000
0 0.885156 0.767969 0.035937 0.026562
0 0.900781 0.796094 0.039062 0.029687
0 0.910156 0.824219 0.032813 0.026562
0 0.919531 0.856250 0.039062 0.034375
0 0.946875 0.917969 0.034375 0.032813
0 0.933594 0.886719 0.035937 0.026562
0 0.958594 0.946094 0.035937 0.026562
0 0.971094 0.969531 0.035937 0.023438
0 0.978906 0.985156 0.035937 0.020313
0 0.848437 0.599219 0.025000 0.017188
0 0.857812 0.567187 0.050000 0.021875
0 0.873437 0.589063 0.028125 0.025000
0 0.876563 0.613281 0.031250 0.023438
0 0.885156 0.638281 0.035937 0.026562
0 0.893750 0.665625 0.034375 0.025000
0 0.900000 0.692969 0.037500 0.035937
0 0.901563 0.725000 0.031250 0.025000
0 0.907031 0.746875 0.035937 0.021875
0 0.917969 0.771875 0.026562 0.028125
0 0.931250 0.796094 0.025000 0.026562
0 0.942187 0.820312 0.037500 0.031250
0 0.962500 0.850781 0.043750 0.026562
0 0.966406 0.878906 0.035937 0.026562
0 0.978906 0.905469 0.035937 0.029687
0 0.989844 0.959375 0.017188 0.021875
0 0.982031 0.934375 0.029687 0.025000
0 0.901563 0.569531 0.028125 0.029687
0 0.907813 0.596875 0.031250 0.025000
0 0.914062 0.623437 0.034375 0.021875
0 0.919531 0.645312 0.026562 0.021875
0 0.926562 0.673438 0.028125 0.025000
0 0.933594 0.699219 0.032813 0.023438
0 0.930469 0.727344 0.023438 0.023438
0 0.936719 0.753125 0.020313 0.025000
0 0.944531 0.778906 0.020313 0.026562
0 0.964063 0.752344 0.028125 0.017188
0 0.967969 0.775781 0.029687 0.029687
0 0.974219 0.805469 0.039062 0.026562
0 0.979688 0.830469 0.031250 0.020313
0 0.992969 0.864844 0.007812 0.042188
0 0.953906 0.726562 0.017188 0.025000
0 0.935156 0.573438 0.032813 0.025000
0 0.942969 0.603125 0.039062 0.028125
0 0.950781 0.632812 0.035937 0.028125
0 0.960938 0.663281 0.037500 0.026562
0 0.976562 0.717969 0.034375 0.023438
0 0.983594 0.742969 0.026562 0.026562
0 0.962500 0.689063 0.031250 0.025000
0 0.989062 0.773438 0.018750 0.034375
0 0.967187 0.561719 0.034375 0.029687
0 0.976562 0.591406 0.040625 0.026562
0 0.978906 0.617188 0.032813 0.025000
0 0.984375 0.642969 0.021875 0.020313
0 0.989062 0.668750 0.015625 0.025000
0 0.985938 0.693750 0.015625 0.021875
