0 0.982031 0.011719 0.032813 0.020313
0 0.950781 0.017188 0.042188 0.034375
0 0.960938 0.055469 0.040625 0.048438
0 0.901563 0.016406 0.050000 0.026562
0 0.923438 0.050000 0.025000 0.025000
0 0.929688 0.076563 0.018750 0.021875
0 0.894531 0.082812 0.020313 0.018750
0 0.899219 0.107813 0.017188 0.021875
0 0.857812 0.115625 0.012500 0.015625
0 0.824219 0.125000 0.010937 0.018750
0 0.847656 0.070312 0.023438 0.018750
0 0.853125 0.090625 0.018750 0.015625
0 0.811719 0.085938 0.032813 0.040625
0 0.865625 0.017188 0.034375 0.031250
0 0.879687 0.050781 0.040625 0.032813
0 0.825781 0.016406 0.039062 0.032813
0 0.835156 0.045312 0.023438 0.028125
0 0.798438 0.035156 0.037500 0.045312
0 0.755469 0.042188 0.032813 0.025000
0 0.760156 0.070312 0.035937 0.037500
0 0.732812 0.007031 0.031250 0.010937
0 0.708594 0.010937 0.039062 0.021875
0 0.721875 0.056250 0.031250 0.025000
0 0.729688 0.078906 0.021875 0.017188
0 0.733594 0.100000 0.026562 0.028125
0 0.777344 0.103906 0.020313 0.020313
0 0.782813 0.130469 0.025000 0.023438
0 0.668750 0.011719 0.053125 0.020313
0 0.667969 0.029687 0.039062 0.012500
0 0.690625 0.062500 0.025000 0.018750
0 0.695312 0.092188 0.037500 0.034375
0 0.632031 0.022656 0.035937 0.042188
0 0.656250 0.085156 0.040625 0.023438
0 0.663281 0.122656 0.042188 0.048438
0 0.677344 0.166406 0.014063 0.014063
0 0.586719 0.007031 0.032813 0.014063
0 0.592969 0.028125 0.029687 0.028125
0 0.609375 0.092188 0.037500 0.021875
0 0.617969 0.120313 0.026562 0.018750
0 0.617969 0.113281 0.042188 0.026562
0 0.644531 0.172656 0.032813 0.029687
0 0.628125 0.144531 0.034375 0.026562
0 0.607812 0.206250 0.040625 0.031250
0 0.596094 0.177344 0.045312 0.026562
0 0.585156 0.150000 0.054688 0.031250
0 0.583594 0.124219 0.039062 0.026562
0 0.563281 0.051562 0.042188 0.028125
0 0.556250 0.022656 0.031250 0.023438
0 0.550781 0.007031 0.042188 0.010937
0 0.515625 0.035937 0.046875 0.034375
0 0.510938 0.010937 0.043750 0.021875
0 0.525000 0.067969 0.037500 0.023438
0 0.547656 0.150000 0.023438 0.028125
0 0.543750 0.118750 0.050000 0.028125
0 0.553906 0.177344 0.032813 0.026562
0 0.565625 0.210156 0.034375 0.032813
0 0.468750 0.012500 0.031250 0.021875
0 0.471094 0.038281 0.045312 0.035937
0 0.484375 0.069531 0.043750 0.017188
0 0.489063 0.082812 0.034375 0.015625
0 0.496094 0.124219 0.032813 0.020313
0 0.513281 0.178125 0.048438 0.031250
0 0.505469 0.149219 0.051562 0.026562
0 0.521094 0.207031 0.048438 0.023438
0 0.538281 0.226562 0.020313 0.018750
0 0.488281 0.228906 0.045312 0.026562
0 0.475000 0.202344 0.043750 0.026562
0 0.469531 0.178125 0.045312 0.028125
0 0.464844 0.153906 0.035937 0.023438
0 0.459375 0.134375 0.034375 0.018750
0 0.448437 0.092188 0.040625 0.025000
0 0.440625 0.064062 0.040625 0.021875
0 0.423438 0.012500 0.034375 0.021875
0 0.430469 0.039062 0.039062 0.025000
0 0.385937 0.014063 0.028125 0.025000
0 0.383594 0.029687 0.042188 0.031250
0 0.400000 0.059375 0.040625 0.028125
0 0.407031 0.081250 0.035937 0.021875
0 0.411719 0.103906 0.029687 0.023438
0 0.425000 0.149219 0.034375 0.023438
0 0.428906 0.182812 0.042188 0.043750
0 0.437500 0.228125 0.050000 0.050000
0 0.342969 0.013281 0.035937 0.023438
0 0.350781 0.036719 0.039062 0.026562
0 0.356250 0.066406 0.046875 0.029687
0 0.363281 0.096094 0.048438 0.029687
0 0.365625 0.119531 0.043750 0.023438
0 0.385937 0.166406 0.040625 0.032813
0 0.387500 0.195312 0.040625 0.025000
0 0.393750 0.217969 0.031250 0.017188
0 0.400781 0.242188 0.042188 0.028125
0 0.408594 0.267969 0.048438 0.026562
0 0.297656 0.017188 0.045312 0.034375
0 0.305469 0.045312 0.048438 0.031250
0 0.310156 0.073438 0.039062 0.031250
0 0.318750 0.100781 0.034375 0.026562
0 0.330469 0.125781 0.039062 0.029687
0 0.350781 0.178906 0.039062 0.029687
0 0.350000 0.203125 0.037500 0.018750
0 0.349219 0.230469 0.054688 0.035937
0 0.365625 0.269531 0.034375 0.039062
0 0.265625 0.035937 0.043750 0.031250
0 0.260937 0.014063 0.040625 0.025000
0 0.273438 0.070312 0.046875 0.037500
0 0.278906 0.105469 0.045312 0.029687
0 0.293750 0.137500 0.046875 0.031250
0 0.310156 0.190625 0.035937 0.028125
0 0.314063 0.217188 0.031250 0.025000
0 0.314063 0.246875 0.043750 0.037500
0 0.325781 0.286719 0.042188 0.035937
0 0.216406 0.016406 0.045312 0.032813
0 0.225000 0.050781 0.040625 0.029687
0 0.230469 0.079687 0.035937 0.025000
0 0.239063 0.105469 0.040625 0.026562
0 0.246875 0.129688 0.043750 0.021875
0 0.252344 0.153125 0.039062 0.021875
0 0.269531 0.209375 0.042188 0.037500
0 0.284375 0.294531 0.040625 0.039062
0 0.172656 0.021094 0.051562 0.042188
0 0.182812 0.050781 0.050000 0.023438
0 0.190625 0.086719 0.043750 0.045312
0 0.206250 0.121875 0.040625 0.025000
0 0.208594 0.156250 0.042188 0.034375
0 0.227344 0.239063 0.029687 0.018750
0 0.225781 0.227344 0.042188 0.045312
0 0.239844 0.277344 0.045312 0.048438
0 0.271094 0.252344 0.042188 0.039062
0 0.257812 0.322656 0.037500 0.035937
0 0.216406 0.339062 0.026562 0.025000
0 0.199219 0.282031 0.042188 0.042188
0 0.205469 0.314844 0.042188 0.020313
0 0.190625 0.242188 0.046875 0.034375
0 0.184375 0.217969 0.034375 0.017188
0 0.171094 0.136719 0.045312 0.042188
0 0.179688 0.172656 0.046875 0.032813
0 0.158594 0.103906 0.051562 0.032813
0 0.145313 0.067187 0.037500 0.053125
0 0.130469 0.018750 0.045312 0.037500
0 0.099219 0.042969 0.054688 0.039062
0 0.088281 0.011719 0.048438 0.020313
0 0.105469 0.081250 0.048438 0.031250
0 0.115625 0.115625 0.040625 0.028125
0 0.128906 0.151562 0.045312 0.040625
0 0.133594 0.185156 0.045312 0.032813
0 0.151562 0.234375 0.028125 0.025000
0 0.153125 0.257812 0.031250 0.025000
0 0.163281 0.292969 0.039062 0.035937
0 0.168750 0.325000 0.043750 0.034375
0 0.045312 0.011719 0.040625 0.020313
0 0.051562 0.038281 0.040625 0.029687
0 0.060937 0.071875 0.043750 0.028125
0 0.067969 0.105469 0.051562 0.032813
0 0.083594 0.136719 0.039062 0.032813
0 0.082812 0.164062 0.037500 0.018750
0 0.089844 0.190625 0.048438 0.034375
0 0.116406 0.250781 0.045312 0.026562
0 0.137500 0.341406 0.037500 0.045312
0 0.131250 0.305469 0.034375 0.029687
0 0.116406 0.278906 0.054688 0.026562
0 0.014844 0.013281 0.026562 0.023438
0 0.021094 0.046094 0.039062 0.042188
0 0.035156 0.100000 0.035937 0.056250
0 0.014063 0.100000 0.028125 0.059375
0 0.051562 0.139063 0.031250 0.025000
0 0.055469 0.171094 0.042188 0.039062
0 0.062500 0.207813 0.037500 0.028125
0 0.076563 0.278125 0.040625 0.037500
0 0.081250 0.309375 0.031250 0.021875
0 0.095312 0.346875 0.050000 0.056250
0 0.019531 0.159375 0.035937 0.037500
0 0.025000 0.200000 0.050000 0.043750
0 0.043750 0.278906 0.050000 0.039062
0 0.050781 0.325000 0.042188 0.050000
0 0.052344 0.360938 0.029687 0.021875
0 0.056250 0.385937 0.021875 0.025000
0 0.022656 0.378125 0.035937 0.034375
0 0.016406 0.346094 0.029687 0.032813
0 0.014063 0.321094 0.025000 0.014063
0 0.010156 0.290625 0.017188 0.043750
