0 0.986719 0.016406 0.020313 0.026562
0 0.957812 0.016406 0.040625 0.026562
0 0.967187 0.046094 0.034375 0.032813
0 0.992969 0.043750 0.010937 0.025000
0 0.978906 0.081250 0.029687 0.025000
0 0.989062 0.113281 0.018750 0.023438
0 0.994531 0.138281 0.010000 0.017188
0 0.913281 0.015625 0.039062 0.028125
0 0.927344 0.043750 0.029687 0.028125
0 0.938281 0.076563 0.032813 0.028125
0 0.953125 0.104688 0.031250 0.021875
0 0.971875 0.138281 0.028125 0.026562
0 0.980469 0.167187 0.023438 0.021875
0 0.989062 0.192969 0.012500 0.014063
0 0.876563 0.013281 0.037500 0.026562
0 0.886719 0.043750 0.039062 0.028125
0 0.900781 0.073438 0.039062 0.025000
0 0.907813 0.100781 0.037500 0.026562
0 0.923438 0.132031 0.043750 0.026562
0 0.932813 0.159375 0.034375 0.025000
0 0.946094 0.191406 0.026562 0.026562
0 0.956250 0.219531 0.031250 0.023438
0 0.986719 0.303125 0.020313 0.025000
0 0.978125 0.272656 0.031250 0.026562
0 0.990625 0.330469 0.015625 0.020313
0 0.992969 0.352344 0.010937 0.017188
0 0.831250 0.013281 0.040625 0.026562
0 0.841406 0.042188 0.032813 0.025000
0 0.854688 0.071094 0.037500 0.026562
0 0.867188 0.100781 0.028125 0.026562
0 0.880469 0.133594 0.032813 0.029687
0 0.890625 0.164844 0.040625 0.029687
0 0.905469 0.195312 0.042188 0.028125
0 0.919531 0.225781 0.032813 0.023438
0 0.929688 0.247656 0.025000 0.014063
0 0.942187 0.292187 0.028125 0.028125
0 0.948438 0.320312 0.028125 0.021875
0 0.971094 0.361719 0.029687 0.039062
0 0.789844 0.012500 0.039062 0.025000
0 0.797656 0.040625 0.035937 0.021875
0 0.810937 0.067187 0.037500 0.028125
0 0.821875 0.095312 0.046875 0.021875
0 0.833594 0.119531 0.042188 0.026562
0 0.844531 0.142187 0.032813 0.018750
0 0.850000 0.166406 0.028125 0.023438
0 0.861719 0.192188 0.029687 0.018750
0 0.869531 0.218750 0.032813 0.021875
0 0.885156 0.242969 0.032813 0.020313
0 0.907813 0.306250 0.031250 0.037500
0 0.919531 0.336719 0.023438 0.023438
0 0.935937 0.365625 0.034375 0.040625
0 0.753125 0.013281 0.028125 0.023438
0 0.765625 0.040625 0.031250 0.025000
0 0.778906 0.065625 0.029687 0.021875
0 0.785156 0.092188 0.023438 0.028125
0 0.795312 0.120313 0.028125 0.025000
0 0.808594 0.146094 0.026562 0.023438
0 0.819531 0.174219 0.023438 0.023438
0 0.833594 0.204687 0.026562 0.031250
0 0.847656 0.239063 0.026562 0.031250
0 0.853906 0.268750 0.029687 0.015625
0 0.867969 0.310156 0.029687 0.026562
0 0.877344 0.332813 0.023438 0.018750
0 0.900000 0.397656 0.037500 0.039062
0 0.895312 0.361719 0.034375 0.026562
0 0.716406 0.017188 0.042188 0.028125
0 0.728125 0.046094 0.037500 0.029687
0 0.746875 0.078906 0.034375 0.026562
0 0.757812 0.110156 0.031250 0.026562
0 0.764844 0.139063 0.032813 0.028125
0 0.780469 0.168750 0.032813 0.025000
0 0.790625 0.195312 0.028125 0.021875
0 0.803125 0.217188 0.025000 0.012500
0 0.811719 0.238281 0.029687 0.023438
0 0.814063 0.267188 0.028125 0.021875
0 0.832812 0.325000 0.031250 0.025000
0 0.843750 0.349219 0.040625 0.026562
0 0.857812 0.386719 0.034375 0.045312
0 0.675000 0.014844 0.034375 0.026562
0 0.686719 0.045312 0.026562 0.028125
0 0.700781 0.076563 0.032813 0.031250
0 0.712500 0.108594 0.028125 0.026562
0 0.728906 0.138281 0.020313 0.020313
0 0.734375 0.164062 0.025000 0.025000
0 0.754687 0.196875 0.031250 0.031250
0 0.764844 0.232813 0.029687 0.031250
0 0.774219 0.268750 0.032813 0.034375
0 0.801562 0.337500 0.025000 0.028125
0 0.813281 0.371875 0.032813 0.028125
0 0.826562 0.397656 0.021875 0.023438
0 0.837500 0.425781 0.018750 0.020313
0 0.635938 0.019531 0.037500 0.032813
0 0.649219 0.054688 0.035937 0.031250
0 0.666406 0.088281 0.035937 0.032813
0 0.676562 0.118750 0.037500 0.025000
0 0.691406 0.149219 0.039062 0.029687
0 0.706250 0.183594 0.034375 0.029687
0 0.717187 0.217188 0.037500 0.031250
0 0.728906 0.249219 0.032813 0.026562
0 0.737500 0.281250 0.034375 0.031250
0 0.764062 0.353125 0.037500 0.031250
0 0.775000 0.385156 0.037500 0.029687
0 0.785156 0.425000 0.032813 0.043750
0 0.808594 0.398438 0.014063 0.018750
0 0.590625 0.011719 0.043750 0.017188
0 0.601562 0.038281 0.043750 0.026562
0 0.612500 0.069531 0.043750 0.035937
0 0.624219 0.105469 0.042188 0.029687
0 0.638281 0.139844 0.042188 0.032813
0 0.657031 0.175781 0.045312 0.029687
0 0.671094 0.209375 0.042188 0.031250
0 0.685156 0.244531 0.032813 0.029687
0 0.692969 0.275781 0.035937 0.029687
0 0.705469 0.303906 0.029687 0.020313
0 0.727344 0.364844 0.029687 0.029687
0 0.738281 0.396875 0.035937 0.028125
0 0.750000 0.426563 0.034375 0.025000
0 0.757812 0.455469 0.025000 0.029687
0 0.542969 0.011719 0.039062 0.017188
0 0.552344 0.039062 0.039062 0.028125
0 0.564844 0.067969 0.039062 0.023438
0 0.584375 0.095312 0.025000 0.028125
0 0.592969 0.128906 0.029687 0.029687
0 0.609375 0.161719 0.028125 0.029687
0 0.621875 0.196875 0.037500 0.028125
0 0.634375 0.230469 0.031250 0.026562
0 0.649219 0.264062 0.035937 0.031250
0 0.660937 0.296094 0.034375 0.029687
0 0.671094 0.321875 0.029687 0.015625
0 0.691406 0.375000 0.029687 0.028125
0 0.700000 0.406250 0.031250 0.028125
0 0.714844 0.437500 0.035937 0.028125
0 0.731250 0.470313 0.025000 0.025000
0 0.499219 0.016406 0.039062 0.026562
0 0.510938 0.046094 0.034375 0.029687
0 0.529687 0.083594 0.031250 0.035937
0 0.546094 0.119531 0.032813 0.032813
0 0.560156 0.092969 0.017188 0.017188
0 0.566406 0.160156 0.032813 0.035937
0 0.582031 0.198437 0.032813 0.031250
0 0.594531 0.235156 0.035937 0.032813
0 0.609375 0.270313 0.037500 0.028125
0 0.625781 0.303906 0.032813 0.026562
0 0.639062 0.332813 0.031250 0.018750
0 0.654687 0.389062 0.028125 0.031250
0 0.669531 0.422656 0.026562 0.023438
0 0.680469 0.458594 0.029687 0.042188
0 0.474219 0.050781 0.032813 0.032813
0 0.460938 0.015625 0.031250 0.025000
0 0.492188 0.085156 0.028125 0.026562
0 0.501563 0.117188 0.037500 0.025000
0 0.515625 0.145313 0.025000 0.021875
0 0.528125 0.175781 0.034375 0.029687
0 0.546094 0.210938 0.029687 0.031250
0 0.559375 0.245312 0.034375 0.028125
0 0.564844 0.272656 0.010937 0.017188
0 0.580469 0.299219 0.029687 0.026562
0 0.594531 0.331250 0.029687 0.028125
0 0.636719 0.431250 0.029687 0.031250
0 0.623437 0.395313 0.031250 0.025000
0 0.646875 0.463281 0.028125 0.026562
0 0.657031 0.488281 0.017188 0.014063
0 0.434375 0.050000 0.034375 0.031250
0 0.418750 0.017188 0.037500 0.025000
0 0.450000 0.090625 0.025000 0.031250
0 0.465625 0.121875 0.031250 0.028125
0 0.479687 0.154688 0.037500 0.031250
0 0.498437 0.191406 0.034375 0.039062
0 0.514844 0.230469 0.026562 0.017188
0 0.527344 0.260156 0.035937 0.032813
0 0.538281 0.292969 0.032813 0.023438
0 0.564844 0.353125 0.035937 0.025000
0 0.554688 0.322656 0.028125 0.026562
0 0.590625 0.406250 0.028125 0.028125
0 0.600000 0.434375 0.028125 0.021875
0 0.614844 0.466406 0.026562 0.035937
0 0.616406 0.496094 0.017188 0.017188
0 0.375781 0.017188 0.042188 0.025000
0 0.391406 0.046875 0.032813 0.028125
0 0.406250 0.078906 0.031250 0.029687
0 0.422656 0.110156 0.035937 0.026562
0 0.435937 0.142187 0.028125 0.031250
0 0.450000 0.174219 0.025000 0.023438
0 0.458594 0.197656 0.026562 0.017188
0 0.472656 0.225000 0.032813 0.031250
0 0.489063 0.264062 0.034375 0.043750
0 0.508594 0.313281 0.032813 0.039062
0 0.526563 0.353906 0.031250 0.035937
0 0.555469 0.418750 0.032813 0.028125
0 0.568750 0.450000 0.031250 0.028125
0 0.592187 0.457031 0.010000 0.020313
0 0.578906 0.489844 0.032813 0.039062
0 0.333594 0.020313 0.039062 0.034375
0 0.351562 0.056250 0.031250 0.028125
0 0.372656 0.091406 0.032813 0.029687
0 0.386719 0.123438 0.039062 0.031250
0 0.400781 0.160938 0.042188 0.034375
0 0.416406 0.196875 0.045312 0.028125
0 0.428906 0.229687 0.023438 0.028125
0 0.442969 0.265625 0.039062 0.034375
0 0.462500 0.301563 0.037500 0.028125
0 0.473438 0.333594 0.031250 0.020313
0 0.488281 0.365625 0.035937 0.031250
0 0.525781 0.428125 0.023438 0.028125
0 0.546094 0.500781 0.026562 0.045312
0 0.539062 0.457813 0.018750 0.031250
0 0.296094 0.019531 0.032813 0.029687
0 0.306250 0.050000 0.031250 0.025000
0 0.329688 0.077344 0.040625 0.026562
0 0.337500 0.108594 0.031250 0.026562
0 0.346875 0.135937 0.031250 0.018750
0 0.354687 0.158594 0.025000 0.017188
0 0.366406 0.178125 0.023438 0.015625
0 0.377344 0.202344 0.026562 0.023438
0 0.388281 0.228125 0.032813 0.021875
0 0.397656 0.249219 0.026562 0.020313
0 0.401562 0.267969 0.040625 0.026562
0 0.417187 0.301563 0.028125 0.037500
0 0.435937 0.346875 0.028125 0.021875
0 0.450000 0.370312 0.028125 0.031250
0 0.457813 0.393750 0.028125 0.015625
0 0.473438 0.439063 0.025000 0.025000
0 0.482031 0.457813 0.026562 0.021875
0 0.500781 0.512500 0.026562 0.028125
0 0.493750 0.482812 0.025000 0.025000
0 0.506250 0.541406 0.025000 0.020313
0 0.249219 0.012500 0.039062 0.025000
0 0.262500 0.041406 0.034375 0.029687
0 0.285938 0.078125 0.028125 0.031250
0 0.296875 0.113281 0.050000 0.032813
0 0.308594 0.145313 0.032813 0.028125
0 0.326562 0.179688 0.031250 0.028125
0 0.335938 0.207813 0.034375 0.021875
0 0.352344 0.238281 0.042188 0.026562
0 0.361719 0.267969 0.023438 0.026562
0 0.378906 0.295312 0.029687 0.021875
0 0.389062 0.325781 0.031250 0.032813
0 0.399219 0.358594 0.035937 0.035937
0 0.414844 0.395313 0.032813 0.028125
0 0.416406 0.415625 0.026562 0.010000
0 0.442969 0.458594 0.032813 0.029687
0 0.451562 0.489844 0.037500 0.032813
0 0.462500 0.521094 0.034375 0.023438
0 0.474219 0.547656 0.026562 0.026562
0 0.205469 0.017188 0.039062 0.031250
0 0.221875 0.050781 0.040625 0.029687
0 0.234375 0.082031 0.037500 0.026562
0 0.249219 0.112500 0.039062 0.031250
0 0.263281 0.143750 0.042188 0.025000
0 0.282031 0.175000 0.035937 0.028125
0 0.294531 0.205469 0.032813 0.026562
0 0.310937 0.241406 0.034375 0.032813
0 0.326562 0.276562 0.031250 0.031250
0 0.339062 0.309375 0.037500 0.028125
0 0.354687 0.342187 0.034375 0.031250
0 0.367969 0.375781 0.039062 0.032813
0 0.377344 0.413281 0.039062 0.035937
0 0.402344 0.468750 0.032813 0.025000
0 0.417969 0.500000 0.035937 0.028125
0 0.425000 0.531250 0.037500 0.031250
0 0.446094 0.568750 0.017188 0.015625
0 0.164844 0.017969 0.035937 0.029687
0 0.193750 0.089844 0.031250 0.032813
0 0.176563 0.053125 0.037500 0.034375
0 0.210156 0.127344 0.032813 0.032813
0 0.225781 0.160938 0.032813 0.028125
0 0.245312 0.193750 0.037500 0.031250
0 0.283594 0.276562 0.035937 0.037500
0 0.264844 0.233594 0.032813 0.042188
0 0.300781 0.315625 0.026562 0.037500
0 0.314063 0.360156 0.040625 0.045312
0 0.334375 0.400781 0.037500 0.032813
0 0.339062 0.428906 0.031250 0.017188
0 0.367969 0.481250 0.029687 0.028125
0 0.378125 0.511719 0.037500 0.029687
0 0.390625 0.539844 0.031250 0.023438
0 0.397656 0.564063 0.035937 0.034375
0 0.118750 0.017188 0.037500 0.025000
0 0.132812 0.046094 0.034375 0.026562
0 0.151562 0.080469 0.034375 0.032813
0 0.160938 0.112500 0.037500 0.028125
0 0.177344 0.141406 0.023438 0.026562
0 0.203906 0.201563 0.029687 0.034375
0 0.191406 0.167187 0.023438 0.021875
0 0.224219 0.240625 0.035937 0.034375
0 0.236719 0.280469 0.032813 0.042188
0 0.250781 0.326562 0.035937 0.037500
0 0.265625 0.367188 0.025000 0.034375
0 0.280469 0.404687 0.032813 0.031250
0 0.295312 0.438281 0.034375 0.023438
0 0.320312 0.499219 0.034375 0.032813
0 0.328125 0.530469 0.025000 0.023438
0 0.346094 0.567969 0.039062 0.051562
0 0.076563 0.017969 0.037500 0.032813
0 0.092188 0.048438 0.034375 0.031250
0 0.110937 0.079687 0.043750 0.031250
0 0.121875 0.113281 0.028125 0.032813
0 0.133594 0.142187 0.032813 0.025000
0 0.147656 0.170313 0.039062 0.028125
0 0.161719 0.205469 0.042188 0.032813
0 0.178125 0.238281 0.040625 0.029687
0 0.192188 0.268750 0.034375 0.025000
0 0.197656 0.296875 0.035937 0.028125
0 0.211719 0.331250 0.032813 0.037500
0 0.230469 0.367969 0.032813 0.029687
0 0.253906 0.439844 0.039062 0.026562
0 0.242969 0.407031 0.029687 0.026562
0 0.243750 0.404687 0.025000 0.028125
0 0.297656 0.542969 0.032813 0.032813
0 0.284375 0.507812 0.034375 0.025000
0 0.307812 0.577344 0.034375 0.032813
0 0.035937 0.016406 0.031250 0.026562
0 0.051562 0.050000 0.040625 0.034375
0 0.067187 0.083594 0.034375 0.026562
0 0.083594 0.115625 0.035937 0.034375
0 0.094531 0.152344 0.029687 0.029687
0 0.110937 0.192969 0.031250 0.035937
0 0.145313 0.266406 0.034375 0.029687
0 0.131250 0.229687 0.028125 0.028125
0 0.160156 0.303125 0.020313 0.025000
0 0.173437 0.335156 0.025000 0.029687
0 0.184375 0.367188 0.034375 0.031250
0 0.200781 0.402344 0.042188 0.032813
0 0.214844 0.435156 0.026562 0.020313
0 0.246094 0.519531 0.032813 0.029687
0 0.226562 0.459375 0.031250 0.025000
0 0.261719 0.550781 0.035937 0.029687
0 0.269531 0.584375 0.032813 0.034375
0 0.016406 0.024219 0.026562 0.042188
0 0.020313 0.067187 0.031250 0.037500
0 0.035156 0.103906 0.045312 0.032813
0 0.049219 0.139063 0.039062 0.034375
0 0.068750 0.180469 0.040625 0.039062
0 0.085938 0.221094 0.046875 0.035937
0 0.103125 0.260156 0.040625 0.032813
0 0.121094 0.296875 0.042188 0.034375
0 0.135937 0.335938 0.034375 0.034375
0 0.147656 0.370312 0.032813 0.031250
0 0.161719 0.402344 0.032813 0.029687
0 0.178125 0.439844 0.043750 0.032813
0 0.196094 0.475781 0.035937 0.029687
0 0.213281 0.529687 0.029687 0.025000
0 0.222656 0.560937 0.039062 0.031250
0 0.228125 0.594531 0.037500 0.026562
0 0.015625 0.120313 0.021875 0.046875
0 0.032813 0.200781 0.034375 0.042188
0 0.023438 0.164062 0.040625 0.031250
0 0.050781 0.243750 0.035937 0.040625
0 0.066406 0.286719 0.035937 0.042188
0 0.084375 0.320312 0.034375 0.028125
0 0.095312 0.350000 0.034375 0.028125
0 0.108594 0.376563 0.039062 0.025000
0 0.119531 0.405469 0.035937 0.029687
0 0.128906 0.435937 0.035937 0.031250
0 0.137500 0.467969 0.034375 0.029687
0 0.154688 0.496875 0.034375 0.021875
0 0.177344 0.541406 0.035937 0.026562
0 0.186719 0.571094 0.035937 0.029687
0 0.191406 0.599219 0.026562 0.029687
0 0.204687 0.621094 0.025000 0.026562
0 0.013281 0.214062 0.023438 0.046875
0 0.020313 0.257031 0.031250 0.032813
0 0.030469 0.294531 0.042188 0.039062
0 0.059375 0.375781 0.043750 0.039062
0 0.046094 0.333594 0.042188 0.042188
0 0.078906 0.414844 0.048438 0.035937
0 0.092188 0.450000 0.034375 0.034375
0 0.109375 0.483594 0.040625 0.032813
0 0.120313 0.508594 0.034375 0.017188
0 0.139063 0.561719 0.040625 0.035937
0 0.152344 0.592187 0.039062 0.025000
0 0.165625 0.625781 0.037500 0.032813
0 0.189062 0.648438 0.021875 0.031250
0 0.011719 0.306250 0.017188 0.034375
0 0.017969 0.350000 0.023438 0.050000
0 0.031250 0.397656 0.028125 0.032813
0 0.044531 0.429688 0.042188 0.037500
0 0.064062 0.468750 0.034375 0.043750
0 0.085156 0.508594 0.042188 0.039062
0 0.103906 0.565625 0.026562 0.031250
0 0.026562 0.511719 0.046875 0.042188
0 0.008594 0.428906 0.010937 0.023438
0 0.021094 0.480469 0.032813 0.023438
0 0.016406 0.535937 0.023438 0.028125
