0 0.004687 0.549219 0.010000 0.023438
0 0.022656 0.525781 0.029687 0.029687
0 0.014063 0.494531 0.021875 0.029687
0 0.007812 0.475000 0.010000 0.012500
0 0.051562 0.528906 0.028125 0.035937
0 0.042188 0.497656 0.021875 0.026562
0 0.027344 0.474219 0.035937 0.026562
0 0.014063 0.447656 0.028125 0.029687
0 0.010156 0.417969 0.017188 0.026562
0 0.010156 0.385937 0.017188 0.037500
0 0.100000 0.547656 0.018750 0.014063
0 0.087500 0.528906 0.025000 0.020313
0 0.073438 0.496875 0.043750 0.034375
0 0.062500 0.461719 0.040625 0.029687
0 0.044531 0.432031 0.035937 0.026562
0 0.039062 0.403125 0.037500 0.040625
0 0.032031 0.377344 0.026562 0.014063
0 0.013281 0.325000 0.023438 0.037500
0 0.008594 0.287500 0.014063 0.021875
0 0.140625 0.548438 0.037500 0.025000
0 0.130469 0.525000 0.045312 0.021875
0 0.124219 0.505469 0.042188 0.026562
0 0.123438 0.483594 0.031250 0.023438
0 0.114062 0.453125 0.034375 0.034375
0 0.101562 0.417187 0.028125 0.025000
0 0.091406 0.392969 0.032813 0.023438
0 0.079687 0.371875 0.031250 0.018750
0 0.068750 0.346094 0.031250 0.026562
0 0.052344 0.314063 0.042188 0.040625
0 0.044531 0.288281 0.029687 0.010937
0 0.026562 0.261719 0.021875 0.020313
0 0.023438 0.232813 0.018750 0.028125
0 0.012500 0.194531 0.021875 0.039062
0 0.005469 0.160156 0.010000 0.017188
0 0.181250 0.541406 0.046875 0.026562
0 0.200000 0.545312 0.018750 0.015625
0 0.175781 0.517969 0.042188 0.029687
0 0.162500 0.491406 0.043750 0.026562
0 0.147656 0.467187 0.035937 0.028125
0 0.142187 0.439844 0.040625 0.035937
0 0.135937 0.408594 0.031250 0.026562
0 0.126562 0.385937 0.031250 0.028125
0 0.109375 0.358594 0.037500 0.029687
0 0.098437 0.332813 0.040625 0.028125
0 0.093750 0.307031 0.034375 0.032813
0 0.078906 0.278125 0.045312 0.025000
0 0.071094 0.251563 0.051562 0.037500
0 0.054688 0.219531 0.040625 0.026562
0 0.046094 0.196094 0.042188 0.035937
0 0.037500 0.165625 0.037500 0.031250
0 0.026562 0.139063 0.034375 0.025000
0 0.016406 0.107031 0.029687 0.039062
0 0.013281 0.078125 0.020313 0.028125
0 0.007812 0.049219 0.010000 0.023438
0 0.007031 0.025000 0.010937 0.034375
0 0.213281 0.528125 0.032813 0.028125
0 0.222656 0.507812 0.017188 0.018750
0 0.203125 0.498437 0.031250 0.025000
0 0.196875 0.474219 0.040625 0.026562
0 0.186719 0.446094 0.042188 0.029687
0 0.178906 0.417969 0.042188 0.035937
0 0.167969 0.388281 0.045312 0.032813
0 0.160938 0.355469 0.040625 0.032813
0 0.144531 0.327344 0.042188 0.029687
0 0.135937 0.360938 0.012500 0.034375
0 0.132031 0.296875 0.048438 0.040625
0 0.124219 0.263281 0.042188 0.032813
0 0.109375 0.234375 0.040625 0.031250
0 0.092188 0.205469 0.040625 0.032813
0 0.080469 0.176563 0.032813 0.031250
0 0.073438 0.147656 0.037500 0.032813
0 0.057813 0.120313 0.046875 0.025000
0 0.050000 0.139063 0.010000 0.015625
0 0.042969 0.092969 0.032813 0.026562
0 0.041406 0.071875 0.026562 0.021875
0 0.028906 0.050781 0.023438 0.017188
0 0.025781 0.032813 0.020313 0.021875
0 0.015625 0.010156 0.018750 0.020313
0 0.251563 0.512500 0.018750 0.018750
0 0.246094 0.492188 0.045312 0.025000
0 0.240625 0.464844 0.037500 0.032813
0 0.228906 0.436719 0.045312 0.023438
0 0.217188 0.410938 0.040625 0.031250
0 0.208594 0.382812 0.042188 0.028125
0 0.198437 0.355469 0.034375 0.032813
0 0.184375 0.326562 0.037500 0.034375
0 0.171094 0.294531 0.042188 0.035937
0 0.164844 0.264062 0.045312 0.037500
0 0.146875 0.229687 0.037500 0.037500
0 0.132812 0.196875 0.040625 0.025000
0 0.122656 0.171094 0.032813 0.032813
0 0.111719 0.142187 0.035937 0.025000
0 0.103906 0.117188 0.045312 0.034375
0 0.081250 0.086719 0.043750 0.032813
0 0.070312 0.061719 0.046875 0.035937
0 0.062500 0.036719 0.043750 0.026562
0 0.052344 0.013281 0.042188 0.023438
0 0.092188 0.011719 0.040625 0.020313
0 0.096094 0.033594 0.042188 0.029687
0 0.110937 0.066406 0.040625 0.023438
0 0.126562 0.096094 0.034375 0.029687
0 0.136719 0.121094 0.039062 0.029687
0 0.149219 0.150781 0.035937 0.029687
0 0.160156 0.177344 0.045312 0.026562
0 0.172656 0.204687 0.032813 0.021875
0 0.182031 0.228906 0.032813 0.029687
0 0.195312 0.260937 0.025000 0.031250
0 0.213281 0.295312 0.032813 0.034375
0 0.221094 0.328125 0.035937 0.031250
0 0.235156 0.358594 0.039062 0.032813
0 0.250000 0.387500 0.037500 0.028125
0 0.254688 0.419531 0.031250 0.032813
0 0.271094 0.446094 0.032813 0.029687
0 0.280469 0.474219 0.029687 0.023438
0 0.285156 0.499219 0.020313 0.020313
0 0.308594 0.485938 0.020313 0.034375
0 0.329688 0.485938 0.015625 0.031250
0 0.307031 0.451562 0.039062 0.031250
0 0.299219 0.415625 0.045312 0.031250
0 0.287500 0.385937 0.034375 0.031250
0 0.274219 0.357031 0.045312 0.026562
0 0.263281 0.327344 0.042188 0.035937
0 0.249219 0.299219 0.045312 0.029687
0 0.242188 0.274219 0.037500 0.026562
0 0.241406 0.252344 0.020313 0.010000
0 0.231250 0.247656 0.040625 0.032813
0 0.214844 0.211719 0.029687 0.032813
0 0.222656 0.211719 0.035937 0.039062
0 0.207813 0.192969 0.031250 0.032813
0 0.202344 0.164062 0.032813 0.028125
0 0.199219 0.144531 0.032813 0.029687
0 0.175000 0.110156 0.034375 0.035937
0 0.172656 0.080469 0.026562 0.029687
0 0.153125 0.046094 0.040625 0.042188
0 0.137500 0.013281 0.034375 0.026562
0 0.178125 0.014063 0.040625 0.025000
0 0.189844 0.037500 0.032813 0.034375
0 0.196094 0.075781 0.032813 0.039062
0 0.217188 0.109375 0.040625 0.034375
0 0.234375 0.141406 0.034375 0.029687
0 0.246094 0.175000 0.032813 0.031250
0 0.255469 0.210938 0.039062 0.040625
0 0.271094 0.248438 0.032813 0.043750
0 0.284375 0.287500 0.034375 0.037500
0 0.300000 0.317188 0.034375 0.034375
0 0.312500 0.347656 0.040625 0.029687
0 0.321094 0.375000 0.032813 0.031250
0 0.332813 0.402344 0.034375 0.026562
0 0.336719 0.434375 0.026562 0.043750
0 0.353125 0.471094 0.043750 0.048438
0 0.403125 0.461719 0.034375 0.042188
0 0.393750 0.429688 0.034375 0.034375
0 0.380469 0.399219 0.042188 0.035937
0 0.369531 0.367969 0.039062 0.035937
0 0.354687 0.340625 0.046875 0.034375
0 0.341406 0.307812 0.045312 0.037500
0 0.329688 0.270313 0.046875 0.043750
0 0.317188 0.237500 0.037500 0.028125
0 0.306250 0.211719 0.037500 0.035937
0 0.292969 0.178906 0.032813 0.042188
0 0.278125 0.143750 0.037500 0.040625
0 0.267969 0.119531 0.032813 0.014063
0 0.257812 0.099219 0.034375 0.035937
0 0.246875 0.072656 0.053125 0.026562
0 0.230469 0.046094 0.039062 0.032813
0 0.218750 0.017188 0.034375 0.031250
0 0.260156 0.010937 0.048438 0.021875
0 0.265625 0.032813 0.053125 0.031250
0 0.285938 0.065625 0.040625 0.031250
0 0.302344 0.093750 0.042188 0.021875
0 0.304688 0.115625 0.040625 0.031250
0 0.321094 0.146875 0.042188 0.025000
0 0.335156 0.179688 0.039062 0.037500
0 0.349219 0.211719 0.039062 0.032813
0 0.366406 0.242969 0.039062 0.029687
0 0.375000 0.277344 0.050000 0.035937
0 0.384375 0.309375 0.046875 0.037500
0 0.400781 0.346875 0.042188 0.028125
0 0.417187 0.376563 0.043750 0.031250
0 0.426563 0.407813 0.040625 0.025000
0 0.437500 0.437500 0.037500 0.034375
0 0.479687 0.442188 0.034375 0.028125
0 0.474219 0.417969 0.042188 0.023438
0 0.460156 0.389844 0.042188 0.029687
0 0.456250 0.365625 0.037500 0.028125
0 0.443750 0.339844 0.034375 0.032813
0 0.430469 0.314063 0.035937 0.037500
0 0.421875 0.280469 0.037500 0.039062
0 0.408594 0.247656 0.039062 0.035937
0 0.403125 0.220312 0.040625 0.028125
0 0.391406 0.194531 0.035937 0.026562
0 0.373437 0.165625 0.046875 0.050000
0 0.359375 0.132812 0.053125 0.028125
0 0.346094 0.100781 0.032813 0.035937
0 0.330469 0.069531 0.042188 0.035937
0 0.322656 0.042969 0.054688 0.032813
0 0.310937 0.015625 0.046875 0.028125
0 0.340625 0.014063 0.040625 0.028125
0 0.359375 0.041406 0.043750 0.026562
0 0.371094 0.070312 0.042188 0.034375
0 0.382031 0.103125 0.039062 0.031250
0 0.398438 0.125000 0.031250 0.028125
0 0.414062 0.157812 0.037500 0.040625
0 0.425781 0.195312 0.032813 0.034375
0 0.449219 0.246875 0.035937 0.025000
0 0.463281 0.275000 0.026562 0.034375
0 0.471094 0.305469 0.035937 0.029687
0 0.482031 0.337500 0.032813 0.034375
0 0.499219 0.366406 0.029687 0.023438
0 0.502344 0.394531 0.023438 0.023438
0 0.510938 0.413281 0.025000 0.020313
0 0.516406 0.432031 0.017188 0.010937
0 0.556250 0.407031 0.031250 0.035937
0 0.550781 0.368750 0.029687 0.028125
0 0.532813 0.342969 0.028125 0.029687
0 0.524219 0.309375 0.029687 0.037500
0 0.512500 0.278125 0.043750 0.034375
0 0.495312 0.249219 0.040625 0.026562
0 0.477344 0.217188 0.042188 0.034375
0 0.461719 0.184375 0.042188 0.037500
0 0.449219 0.151562 0.035937 0.037500
0 0.429688 0.116406 0.040625 0.035937
0 0.415625 0.084375 0.037500 0.034375
0 0.411719 0.052344 0.045312 0.039062
0 0.394531 0.017969 0.042188 0.035937
0 0.432812 0.016406 0.034375 0.029687
0 0.442188 0.040625 0.040625 0.031250
0 0.456250 0.071094 0.037500 0.035937
0 0.465625 0.098437 0.040625 0.028125
0 0.478906 0.124219 0.048438 0.032813
0 0.489844 0.154688 0.039062 0.028125
0 0.507031 0.182031 0.032813 0.026562
0 0.517969 0.212500 0.039062 0.040625
0 0.538281 0.253125 0.035937 0.031250
0 0.550781 0.285156 0.035937 0.032813
0 0.564844 0.318750 0.029687 0.028125
0 0.572656 0.348438 0.039062 0.034375
0 0.585156 0.378125 0.035937 0.018750
0 0.591406 0.402344 0.029687 0.026562
0 0.625781 0.399219 0.026562 0.010937
0 0.621875 0.367969 0.037500 0.032813
0 0.614844 0.341406 0.051562 0.026562
0 0.605469 0.316406 0.039062 0.023438
0 0.596094 0.296875 0.039062 0.025000
0 0.587500 0.276562 0.037500 0.025000
0 0.571094 0.251563 0.032813 0.025000
0 0.558594 0.221875 0.020313 0.025000
0 0.565625 0.219531 0.034375 0.032813
0 0.553125 0.196094 0.034375 0.023438
0 0.542969 0.167969 0.045312 0.026562
0 0.528906 0.141406 0.042188 0.039062
0 0.518750 0.108594 0.034375 0.035937
0 0.504687 0.078906 0.040625 0.029687
0 0.492188 0.049219 0.040625 0.032813
0 0.474219 0.016406 0.039062 0.029687
0 0.516406 0.017969 0.042188 0.035937
0 0.528125 0.050000 0.043750 0.034375
0 0.543750 0.079687 0.037500 0.025000
0 0.555469 0.105469 0.039062 0.026562
0 0.561719 0.134375 0.032813 0.031250
0 0.575781 0.170313 0.035937 0.034375
0 0.589844 0.202344 0.035937 0.035937
0 0.607031 0.239063 0.039062 0.028125
0 0.619531 0.268750 0.032813 0.031250
0 0.636719 0.304688 0.032813 0.037500
0 0.656250 0.338281 0.028125 0.029687
0 0.660937 0.368750 0.031250 0.034375
0 0.689844 0.366406 0.026562 0.026562
0 0.684375 0.339062 0.031250 0.037500
0 0.674219 0.306250 0.039062 0.037500
0 0.661719 0.269531 0.035937 0.042188
0 0.649219 0.239063 0.051562 0.040625
0 0.637500 0.211719 0.050000 0.020313
0 0.625781 0.187500 0.045312 0.028125
0 0.613281 0.158594 0.045312 0.035937
0 0.610938 0.133594 0.037500 0.026562
0 0.600781 0.112500 0.032813 0.021875
0 0.591406 0.088281 0.039062 0.039062
0 0.575781 0.058594 0.039062 0.023438
0 0.570312 0.037500 0.037500 0.031250
0 0.560937 0.015625 0.043750 0.031250
0 0.596094 0.011719 0.029687 0.020313
0 0.603125 0.030469 0.028125 0.020313
0 0.614844 0.053906 0.032813 0.032813
0 0.626563 0.080469 0.037500 0.026562
0 0.638281 0.107813 0.035937 0.025000
0 0.647656 0.132031 0.039062 0.026562
0 0.661719 0.160156 0.039062 0.032813
0 0.674219 0.189062 0.035937 0.025000
0 0.683594 0.213281 0.045312 0.026562
0 0.692969 0.239063 0.032813 0.031250
0 0.702344 0.271094 0.039062 0.029687
0 0.712500 0.300000 0.034375 0.028125
0 0.720313 0.323437 0.037500 0.021875
0 0.730469 0.350781 0.048438 0.032813
0 0.770312 0.342969 0.028125 0.020313
0 0.760938 0.320312 0.031250 0.028125
0 0.753125 0.294531 0.037500 0.026562
0 0.745313 0.268750 0.031250 0.031250
0 0.725781 0.241406 0.042188 0.032813
0 0.725781 0.211719 0.026562 0.029687
0 0.713281 0.182031 0.039062 0.039062
0 0.700000 0.151562 0.043750 0.028125
0 0.692969 0.122656 0.045312 0.032813
0 0.677344 0.095312 0.045312 0.028125
0 0.661719 0.067969 0.042188 0.032813
0 0.650000 0.039844 0.043750 0.029687
0 0.639844 0.014063 0.045312 0.028125
0 0.684375 0.013281 0.043750 0.026562
0 0.694531 0.039062 0.048438 0.028125
0 0.703906 0.068750 0.035937 0.034375
0 0.716406 0.096094 0.042188 0.029687
0 0.732031 0.127344 0.032813 0.032813
0 0.743750 0.156250 0.034375 0.028125
0 0.749219 0.182812 0.039062 0.031250
0 0.758594 0.213281 0.032813 0.032813
0 0.768750 0.237500 0.046875 0.028125
0 0.783594 0.266406 0.039062 0.029687
0 0.793750 0.297656 0.040625 0.029687
0 0.799219 0.325000 0.029687 0.031250
0 0.844531 0.314063 0.014063 0.015625
0 0.828906 0.289844 0.035937 0.029687
0 0.811719 0.257812 0.032813 0.028125
0 0.803125 0.233594 0.034375 0.035937
0 0.793750 0.202344 0.040625 0.035937
0 0.785156 0.169531 0.039062 0.032813
0 0.778125 0.139844 0.037500 0.039062
0 0.766406 0.106250 0.051562 0.028125
0 0.754687 0.084375 0.037500 0.028125
0 0.745313 0.057813 0.034375 0.034375
0 0.740625 0.030469 0.031250 0.026562
0 0.728906 0.010937 0.035937 0.021875
0 0.764844 0.012500 0.035937 0.021875
0 0.773438 0.039062 0.040625 0.031250
0 0.786719 0.064062 0.045312 0.028125
0 0.789844 0.085156 0.039062 0.026562
0 0.807813 0.105469 0.031250 0.026562
0 0.813281 0.130469 0.029687 0.023438
0 0.819531 0.156250 0.029687 0.031250
0 0.827344 0.182812 0.035937 0.021875
0 0.836719 0.207031 0.035937 0.029687
0 0.843750 0.230469 0.040625 0.023438
0 0.853906 0.256250 0.042188 0.028125
0 0.867969 0.284375 0.029687 0.021875
0 0.875000 0.303906 0.028125 0.017188
0 0.909375 0.291406 0.031250 0.020313
0 0.904687 0.271875 0.046875 0.028125
0 0.896875 0.242969 0.040625 0.029687
0 0.884375 0.214062 0.028125 0.028125
0 0.867969 0.178125 0.035937 0.031250
0 0.853125 0.149219 0.031250 0.035937
0 0.867188 0.215625 0.025000 0.040625
0 0.844531 0.121094 0.042188 0.032813
0 0.833594 0.091406 0.048438 0.035937
0 0.824219 0.061719 0.039062 0.029687
0 0.813281 0.037500 0.035937 0.025000
0 0.801562 0.013281 0.034375 0.023438
0 0.832812 0.010156 0.031250 0.020313
0 0.844531 0.034375 0.029687 0.025000
0 0.859375 0.059375 0.028125 0.025000
0 0.866406 0.080469 0.026562 0.017188
0 0.877344 0.104688 0.039062 0.031250
0 0.887500 0.139063 0.040625 0.028125
0 0.893750 0.165625 0.031250 0.037500
0 0.904687 0.196094 0.028125 0.029687
0 0.923438 0.217969 0.034375 0.035937
0 0.940625 0.245312 0.028125 0.031250
0 0.950000 0.274219 0.037500 0.029687
0 0.980469 0.262500 0.035937 0.031250
0 0.964063 0.215625 0.034375 0.037500
0 0.947656 0.175781 0.035937 0.039062
0 0.924219 0.139844 0.045312 0.029687
0 0.923438 0.113281 0.046875 0.035937
0 0.905469 0.078906 0.042188 0.029687
0 0.889062 0.048438 0.037500 0.028125
0 0.878906 0.025000 0.035937 0.025000
0 0.871875 0.008594 0.037500 0.017188
0 0.913281 0.007031 0.045312 0.010937
0 0.920312 0.025000 0.040625 0.025000
0 0.932031 0.053906 0.039062 0.032813
0 0.950000 0.083594 0.040625 0.026562
0 0.959375 0.107813 0.031250 0.034375
0 0.970313 0.133594 0.031250 0.029687
0 0.983594 0.159375 0.029687 0.025000
0 0.987500 0.186719 0.021875 0.029687
0 0.995313 0.215625 0.010000 0.025000
0 0.960156 0.009375 0.045312 0.015625
0 0.971094 0.037500 0.042188 0.031250
0 0.979688 0.069531 0.037500 0.029687
0 0.982812 0.093750 0.025000 0.031250
0 0.987500 0.128906 0.018750 0.039062
