0 0.971875 0.018750 0.043750 0.031250
0 0.980469 0.050781 0.032813 0.032813
0 0.985938 0.080469 0.021875 0.026562
0 0.992969 0.101562 0.010937 0.012500
0 0.930469 0.010937 0.029687 0.021875
0 0.938281 0.037500 0.029687 0.025000
0 0.942969 0.060156 0.026562 0.020313
0 0.955469 0.088281 0.039062 0.032813
0 0.971875 0.122656 0.046875 0.023438
0 0.980469 0.150000 0.032813 0.031250
0 0.986719 0.182031 0.023438 0.029687
0 0.887500 0.014063 0.050000 0.021875
0 0.897656 0.041406 0.039062 0.029687
0 0.907813 0.070312 0.040625 0.028125
0 0.917969 0.098437 0.032813 0.028125
0 0.926562 0.124219 0.040625 0.023438
0 0.939063 0.151562 0.043750 0.025000
0 0.946875 0.173437 0.037500 0.018750
0 0.953125 0.200781 0.046875 0.035937
0 0.835938 0.012500 0.037500 0.025000
0 0.850000 0.036719 0.050000 0.023438
0 0.857031 0.059375 0.042188 0.025000
0 0.867188 0.085156 0.046875 0.026562
0 0.876563 0.113281 0.037500 0.029687
0 0.885156 0.140625 0.032813 0.025000
0 0.898438 0.167187 0.037500 0.028125
0 0.908594 0.194531 0.035937 0.026562
0 0.918750 0.219531 0.015625 0.014063
0 0.796875 0.014844 0.034375 0.026562
0 0.805469 0.042188 0.035937 0.025000
0 0.812500 0.063281 0.028125 0.017188
0 0.823438 0.087500 0.037500 0.028125
0 0.835156 0.117188 0.042188 0.028125
0 0.846875 0.144531 0.040625 0.026562
0 0.854688 0.172656 0.040625 0.029687
0 0.882812 0.232031 0.037500 0.029687
0 0.875000 0.203125 0.037500 0.025000
0 0.759375 0.013281 0.043750 0.026562
0 0.767969 0.037500 0.039062 0.028125
0 0.778906 0.066406 0.039062 0.026562
0 0.787500 0.092188 0.031250 0.021875
0 0.798438 0.117188 0.034375 0.025000
0 0.805469 0.145313 0.039062 0.025000
0 0.802344 0.136719 0.026562 0.014063
0 0.831250 0.204687 0.043750 0.028125
0 0.843750 0.232813 0.031250 0.028125
0 0.817187 0.174219 0.034375 0.026562
0 0.716406 0.016406 0.045312 0.029687
0 0.731250 0.047656 0.043750 0.029687
0 0.742969 0.079687 0.042188 0.028125
0 0.750781 0.108594 0.042188 0.026562
0 0.766406 0.136719 0.039062 0.026562
0 0.774219 0.163281 0.035937 0.017188
0 0.783594 0.185938 0.029687 0.021875
0 0.809375 0.242969 0.025000 0.020313
0 0.795312 0.215625 0.043750 0.034375
0 0.675781 0.014063 0.039062 0.025000
0 0.687500 0.037500 0.037500 0.018750
0 0.694531 0.059375 0.039062 0.021875
0 0.703906 0.081250 0.032813 0.018750
0 0.710938 0.104688 0.034375 0.028125
0 0.734375 0.157812 0.034375 0.021875
0 0.725000 0.133594 0.040625 0.026562
0 0.745313 0.182031 0.037500 0.023438
0 0.752344 0.207031 0.035937 0.029687
0 0.760938 0.233594 0.034375 0.020313
0 0.771094 0.260937 0.026562 0.034375
0 0.632812 0.015625 0.046875 0.028125
0 0.643750 0.043750 0.043750 0.025000
0 0.657813 0.067187 0.040625 0.021875
0 0.678906 0.118750 0.039062 0.028125
0 0.668750 0.090625 0.037500 0.025000
0 0.687500 0.146094 0.034375 0.026562
0 0.699219 0.172656 0.042188 0.026562
0 0.703125 0.194531 0.028125 0.014063
0 0.710938 0.214062 0.034375 0.021875
0 0.721875 0.241406 0.043750 0.029687
0 0.734375 0.275781 0.040625 0.039062
0 0.589844 0.030469 0.023438 0.017188
0 0.587500 0.012500 -0.040625 -0.021875
0 0.604688 0.050781 0.043750 0.023438
0 0.619531 0.075000 0.039062 0.025000
0 0.643750 0.128906 0.031250 0.023438
0 0.636719 0.105469 -0.039062 -0.029687
0 0.653125 0.156250 0.031250 0.025000
0 0.661719 0.185156 0.029687 0.029687
0 0.680469 0.240625 0.039062 0.028125
0 0.675000 0.214062 -0.034375 -0.025000
0 0.689063 0.263281 0.037500 0.014063
0 0.696094 0.284375 0.042188 0.028125
0 0.544531 0.010156 -0.035937 -0.017188
0 0.552344 0.032813 0.042188 0.028125
0 0.567187 0.060937 0.043750 0.025000
0 0.583594 0.086719 0.039062 0.026562
0 0.592969 0.114062 0.042188 0.028125
0 0.606250 0.141406 0.040625 0.029687
0 0.618750 0.171094 0.046875 0.026562
0 0.625781 0.196875 0.035937 0.021875
0 0.637500 0.219531 0.034375 0.023438
0 0.642969 0.243750 0.032813 0.021875
0 0.651563 0.266406 0.037500 0.023438
0 0.657813 0.293750 0.034375 0.028125
0 0.504687 0.012500 -0.046875 -0.021875
0 0.510156 0.038281 0.039062 0.026562
0 0.528125 0.066406 0.043750 0.029687
0 0.542188 0.095312 0.043750 0.028125
0 0.549219 0.121094 0.032813 0.017188
0 0.563281 0.144531 0.039062 0.026562
0 0.571875 0.172656 0.037500 0.026562
0 0.583594 0.197656 0.042188 0.023438
0 0.594531 0.224219 0.048438 0.026562
0 0.602344 0.248438 0.048438 0.015625
0 0.609375 0.273438 0.043750 0.028125
0 0.629687 0.319531 0.034375 0.014063
0 0.622656 0.303125 -0.045312 -0.028125
0 0.459375 0.010937 0.043750 0.021875
0 0.469531 0.031250 0.035937 0.021875
0 0.481250 0.057031 0.040625 0.023438
0 0.492188 0.085156 0.043750 0.026562
0 0.500000 0.111719 0.043750 0.026562
0 0.515625 0.138281 0.043750 0.020313
0 0.522656 0.162500 0.032813 0.028125
0 0.538281 0.188281 0.032813 0.020313
0 0.549219 0.209375 0.026562 0.025000
0 0.556250 0.234375 0.025000 0.021875
0 0.566406 0.258594 0.029687 0.023438
0 0.572656 0.282031 0.032813 0.023438
0 0.582812 0.303125 0.031250 0.015625
0 0.592969 0.321094 0.039062 0.017188
0 0.601562 0.340625 0.037500 0.018750
0 0.415625 0.011719 0.040625 0.020313
0 0.430469 0.034375 0.039062 0.021875
0 0.440625 0.057031 0.040625 0.020313
0 0.450781 0.083594 0.035937 0.029687
0 0.460938 0.110156 0.028125 0.023438
0 0.485156 0.155469 0.035937 0.029687
0 0.473438 0.133594 -0.034375 -0.017188
0 0.500000 0.185938 0.034375 0.028125
0 0.522656 0.241406 0.042188 0.026562
0 0.532813 0.272656 0.040625 0.032813
0 0.546094 0.303906 0.039062 0.026562
0 0.553906 0.325781 0.032813 0.020313
0 0.563281 0.347656 0.042188 0.026562
0 0.375000 0.011719 0.037500 0.020313
0 0.389844 0.035156 0.035937 0.020313
0 0.398438 0.060156 0.043750 0.029687
0 0.408594 0.088281 0.045312 0.023438
0 0.418750 0.112500 0.050000 0.028125
0 0.436719 0.142969 0.042188 0.029687
0 0.450781 0.172656 0.042188 0.029687
0 0.464062 0.203906 0.043750 0.026562
0 0.475781 0.232031 0.048438 0.029687
0 0.488281 0.261719 0.048438 0.026562
0 0.495312 0.285938 0.040625 0.025000
0 0.510938 0.312500 0.043750 0.025000
0 0.517969 0.334375 0.029687 0.015625
0 0.528125 0.357812 0.034375 0.028125
0 0.332813 0.014063 0.043750 0.025000
0 0.350781 0.039062 0.035937 0.025000
0 0.361719 0.062500 0.032813 0.018750
0 0.368750 0.085156 0.034375 0.023438
0 0.378125 0.114062 0.037500 0.028125
0 0.392969 0.142969 0.045312 0.026562
0 0.409375 0.173437 0.043750 0.025000
0 0.421875 0.203125 0.037500 0.031250
0 0.432031 0.234375 0.039062 0.028125
0 0.448437 0.260937 0.034375 0.025000
0 0.455469 0.289844 0.035937 0.029687
0 0.470313 0.315625 0.031250 0.018750
0 0.483594 0.335938 0.032813 0.021875
0 0.492969 0.360156 0.032813 0.026562
0 0.300000 0.030469 0.040625 0.023438
0 0.312500 0.056250 0.034375 0.028125
0 0.325781 0.082031 0.035937 0.023438
0 0.335938 0.108594 0.043750 0.026562
0 0.344531 0.135937 0.032813 0.025000
0 0.357812 0.159375 0.028125 0.021875
0 0.367969 0.184375 0.035937 0.025000
0 0.382031 0.210156 0.039062 0.023438
0 0.393750 0.237500 0.037500 0.025000
0 0.418750 0.292969 0.034375 0.026562
0 0.410938 0.265625 0.043750 0.028125
0 0.433594 0.321094 0.035937 0.026562
0 0.456250 0.371094 0.037500 0.017188
0 0.467969 0.393750 0.039062 0.025000
0 0.451562 0.348438 0.043750 0.031250
0 0.250000 0.014063 0.037500 0.028125
0 0.264062 0.042188 0.040625 0.025000
0 0.278125 0.067969 0.043750 0.023438
0 0.288281 0.096094 0.042188 0.029687
0 0.302344 0.126562 0.035937 0.028125
0 0.320312 0.154688 0.037500 0.025000
0 0.330469 0.182031 0.035937 0.032813
0 0.345313 0.212500 0.034375 0.028125
0 0.356250 0.241406 0.031250 0.023438
0 0.370312 0.271094 0.037500 0.029687
0 0.385156 0.298438 0.029687 0.025000
0 0.394531 0.323437 0.035937 0.025000
0 0.407813 0.352344 0.040625 0.029687
0 0.418750 0.375781 0.040625 0.014063
0 0.427344 0.401562 0.039062 0.034375
0 0.209375 0.015625 0.043750 0.021875
0 0.219531 0.041406 0.042188 0.026562
0 0.234375 0.067969 0.037500 0.023438
0 0.246094 0.092969 0.032813 0.023438
0 0.258594 0.115625 0.029687 0.018750
0 0.284375 0.164062 0.034375 0.025000
0 0.271094 0.138281 0.035937 0.023438
0 0.292187 0.188281 0.031250 0.023438
0 0.307031 0.211719 0.029687 0.020313
0 0.314063 0.236719 0.034375 0.023438
0 0.325000 0.263281 0.037500 0.029687
0 0.342969 0.293750 0.045312 0.028125
0 0.347656 0.317188 0.035937 0.018750
0 0.359375 0.339062 0.037500 0.028125
0 0.367188 0.363281 0.031250 0.017188
0 0.383594 0.389062 0.029687 0.021875
0 0.392188 0.413281 0.028125 0.023438
0 0.164062 0.017188 0.046875 0.028125
0 0.173437 0.043750 0.043750 0.025000
0 0.189844 0.066406 0.042188 0.020313
0 0.203906 0.091406 0.042188 0.029687
0 0.219531 0.119531 0.042188 0.026562
0 0.232031 0.147656 0.042188 0.026562
0 0.241406 0.175781 0.045312 0.026562
0 0.253906 0.200781 0.045312 0.023438
0 0.267188 0.223438 0.046875 0.025000
0 0.281250 0.243750 0.031250 0.012500
0 0.285156 0.264844 0.039062 0.026562
0 0.295312 0.292187 0.043750 0.025000
0 0.305469 0.317188 0.039062 0.025000
0 0.317969 0.340625 0.039062 0.025000
0 0.331250 0.369531 0.037500 0.032813
0 0.347656 0.391406 0.035937 0.017188
0 0.357031 0.411719 0.042188 0.017188
0 0.357812 0.430469 0.040625 0.023438
0 0.121094 0.012500 0.032813 0.021875
0 0.127344 0.034375 0.029687 0.018750
0 0.138281 0.056250 0.035937 0.025000
0 0.153125 0.081250 0.040625 0.021875
0 0.162500 0.105469 0.037500 0.026562
0 0.176563 0.134375 0.040625 0.025000
0 0.187500 0.157031 0.040625 0.023438
0 0.200781 0.182812 0.035937 0.028125
0 0.211719 0.210938 0.032813 0.025000
0 0.228125 0.236719 0.037500 0.023438
0 0.245312 0.262500 0.043750 0.021875
0 0.253125 0.287500 0.037500 0.025000
0 0.266406 0.313281 0.039062 0.026562
0 0.280469 0.339062 0.032813 0.025000
0 0.289844 0.368750 0.039062 0.028125
0 0.310937 0.422656 0.043750 0.026562
0 0.307812 0.396875 0.043750 0.021875
0 0.321094 0.450781 0.029687 0.023438
0 0.078125 0.012500 0.050000 0.021875
0 0.088281 0.039062 0.045312 0.028125
0 0.106250 0.065625 0.043750 0.025000
0 0.114062 0.092188 0.040625 0.025000
0 0.126562 0.120313 0.037500 0.028125
0 0.140625 0.152344 0.046875 0.029687
0 0.159375 0.183594 0.046875 0.029687
0 0.173437 0.215625 0.046875 0.028125
0 0.190625 0.245312 0.043750 0.028125
0 0.196875 0.276562 0.046875 0.031250
0 0.214062 0.306250 0.046875 0.031250
0 0.227344 0.335156 0.045312 0.029687
0 0.240625 0.361719 0.053125 0.023438
0 0.250000 0.384375 0.046875 0.021875
0 0.264062 0.407813 0.046875 0.025000
0 0.271094 0.428906 0.029687 0.014063
0 0.278125 0.450000 0.040625 0.028125
0 0.030469 0.017188 0.045312 0.025000
0 0.042188 0.043750 0.043750 0.031250
0 0.057031 0.071094 0.042188 0.029687
0 0.069531 0.101562 0.042188 0.031250
0 0.088281 0.130469 0.032813 0.023438
0 0.100000 0.154688 0.037500 0.021875
0 0.108594 0.178906 0.048438 0.026562
0 0.120313 0.207031 0.046875 0.029687
0 0.137500 0.239063 0.046875 0.034375
0 0.146875 0.267969 0.040625 0.023438
0 0.171094 0.326562 0.048438 0.028125
0 0.159375 0.294531 0.037500 0.032813
0 0.182812 0.354687 0.040625 0.031250
0 0.199219 0.384375 0.045312 0.025000
0 0.214062 0.411719 0.050000 0.026562
0 0.231250 0.434375 0.046875 0.018750
0 0.232813 0.461719 0.034375 0.032813
0 0.013281 0.039844 -0.026562 -0.035937
0 0.018750 0.073438 -0.037500 -0.031250
0 0.048438 0.135937 0.043750 0.031250
0 0.026562 0.103906 0.043750 0.026562
0 0.067969 0.188281 0.042188 0.029687
0 0.057813 0.161719 0.040625 0.020313
0 0.082812 0.217188 0.031250 0.025000
0 0.093750 0.243750 0.034375 0.025000
0 0.104688 0.273438 0.040625 0.031250
0 0.118750 0.302344 0.040625 0.023438
0 0.125000 0.327344 0.025000 0.023438
0 0.140625 0.343750 0.034375 0.025000
0 0.148438 0.366406 0.034375 0.023438
0 0.160156 0.394531 0.042188 0.029687
0 0.175781 0.421875 0.045312 0.028125
0 0.192969 0.448437 0.048438 0.028125
0 0.200000 0.478906 0.037500 0.029687
0 0.013281 0.138281 -0.023438 -0.045312
0 0.017188 0.174219 -0.031250 -0.026562
0 0.032031 0.206250 0.039062 0.028125
0 0.046875 0.237500 0.040625 0.028125
0 0.062500 0.269531 0.037500 0.029687
0 0.071094 0.300000 0.051562 0.040625
0 0.088281 0.341406 0.045312 0.042188
0 0.103125 0.374219 0.050000 0.026562
0 0.118750 0.400781 0.046875 0.029687
0 0.139063 0.430469 0.037500 0.026562
0 0.148438 0.454688 0.040625 0.025000
0 0.161719 0.480469 0.039062 0.029687
0 0.010156 0.214844 -0.020313 -0.045312
0 0.020313 0.257812 -0.034375 -0.037500
0 0.027344 0.292969 0.032813 0.026562
0 0.036719 0.323437 0.042188 0.034375
0 0.049219 0.356250 0.042188 0.028125
0 0.063281 0.388281 0.042188 0.029687
0 0.078906 0.419531 0.045312 0.029687
0 0.093750 0.448437 0.050000 0.031250
0 0.108594 0.473438 0.048438 0.018750
0 0.119531 0.490625 0.035937 0.015625
0 0.125000 0.514844 0.043750 0.029687
0 0.014063 0.342969 -0.025000 -0.029687
0 0.021875 0.379688 0.034375 0.031250
0 0.035156 0.412500 0.032813 0.031250
0 0.048438 0.444531 0.037500 0.029687
0 0.059375 0.474219 0.040625 0.026562
0 0.068750 0.498437 0.050000 0.018750
0 0.085938 0.521094 0.031250 0.023438
0 0.020313 0.462500 0.028125 0.037500
0 0.014063 0.422656 -0.025000 -0.045312
0 0.028125 0.494531 0.034375 0.023438
0 0.042969 0.525781 0.039062 0.035937
0 0.010937 0.529687 -0.021875 -0.031250
0 0.007812 0.497656 -0.015625 -0.039062
