0 0.985938 0.014063 0.021875 0.025000
0 0.960938 0.014844 0.040625 0.023438
0 0.976562 0.042969 0.031250 0.029687
0 0.986719 0.074219 0.020313 0.023438
0 0.924219 0.016406 0.029687 0.026562
0 0.942187 0.044531 0.037500 0.023438
0 0.946875 0.072656 0.046875 0.023438
0 0.959375 0.100000 0.043750 0.025000
0 0.971875 0.129688 0.037500 0.021875
0 0.981250 0.153125 0.028125 0.025000
0 0.989062 0.176563 0.015625 0.018750
0 0.989062 0.103125 0.015625 0.031250
0 0.993750 0.131250 0.006250 0.015625
0 0.877344 0.013281 0.045312 0.023438
0 0.886719 0.037500 0.045312 0.025000
0 0.898438 0.061719 0.037500 0.023438
0 0.907031 0.089063 0.042188 0.028125
0 0.921875 0.115625 0.043750 0.021875
0 0.927344 0.138281 0.035937 0.023438
0 0.936719 0.164062 0.039062 0.021875
0 0.962500 0.158594 0.015625 0.032813
0 0.954688 0.188281 0.046875 0.023438
0 0.961719 0.215625 0.042188 0.025000
0 0.972656 0.238281 0.035937 0.017188
0 0.980469 0.260156 0.026562 0.020313
0 0.987500 0.281250 0.021875 0.018750
0 0.987500 0.198437 0.015625 0.025000
0 0.991406 0.224219 0.007812 0.023438
0 0.829688 0.014844 0.043750 0.023438
0 0.833594 0.038281 0.042188 0.026562
0 0.849219 0.066406 0.035937 0.035937
0 0.864844 0.090625 0.035937 0.021875
0 0.876563 0.117188 0.040625 0.025000
0 0.888281 0.147656 0.045312 0.032813
0 0.901563 0.177344 0.040625 0.026562
0 0.910156 0.203906 0.042188 0.032813
0 0.926562 0.231250 0.037500 0.028125
0 0.939844 0.257031 0.039062 0.026562
0 0.955469 0.284375 0.035937 0.028125
0 0.964063 0.311719 0.037500 0.032813
0 0.990625 0.304688 0.015625 0.021875
0 0.972656 0.340625 0.014063 0.025000
0 0.990625 0.330469 0.009375 0.023438
0 0.985156 0.364063 0.026562 0.031250
0 0.992188 0.389844 0.012500 0.020313
0 0.787500 0.011719 0.034375 0.023438
0 0.801562 0.037500 0.031250 0.028125
0 0.810156 0.063281 0.032813 0.035937
0 0.823438 0.095312 0.031250 0.025000
0 0.832812 0.121094 0.043750 0.029687
0 0.846875 0.150000 0.037500 0.031250
0 0.858594 0.175000 0.035937 0.025000
0 0.864844 0.203125 0.039062 0.028125
0 0.878906 0.231250 0.032813 0.028125
0 0.896875 0.256250 0.037500 0.025000
0 0.908594 0.282813 0.035937 0.025000
0 0.921875 0.309375 0.037500 0.021875
0 0.929688 0.333594 0.034375 0.026562
0 0.943750 0.364063 0.037500 0.031250
0 0.954688 0.392969 0.046875 0.026562
0 0.967969 0.423438 0.042188 0.034375
0 0.982812 0.451562 0.028125 0.025000
0 0.992969 0.414844 0.007812 0.023438
0 0.989844 0.479687 0.017188 0.021875
0 0.747656 0.012500 -0.042188 -0.021875
0 0.756250 0.041406 0.043750 0.032813
0 0.771094 0.072656 0.042188 0.029687
0 0.788281 0.105469 0.039062 0.035937
0 0.802344 0.138281 0.035937 0.029687
0 0.814844 0.164844 0.032813 0.029687
0 0.823438 0.192188 0.034375 0.028125
0 0.833594 0.219531 0.035937 0.026562
0 0.842969 0.244531 0.051562 0.023438
0 0.850781 0.271094 0.039062 0.039062
0 0.869531 0.305469 0.045312 0.029687
0 0.879687 0.271094 0.021875 0.032813
0 0.888281 0.332031 0.042188 0.032813
0 0.894531 0.302344 0.020313 0.029687
0 0.910156 0.394531 0.042188 0.029687
0 0.900000 0.363281 0.043750 0.032813
0 0.927344 0.424219 0.045312 0.029687
0 0.942969 0.456250 0.032813 0.031250
0 0.956250 0.482812 0.040625 0.021875
0 0.965625 0.500781 0.034375 0.017188
0 0.976562 0.525000 0.034375 0.028125
0 0.989844 0.504687 0.014063 0.021875
0 0.984375 0.553125 0.025000 0.025000
0 0.985938 0.577344 0.018750 0.020313
0 0.992969 0.596094 0.007812 0.010937
0 0.703125 0.015625 0.043750 0.028125
0 0.715625 0.045312 0.043750 0.025000
0 0.727344 0.075000 0.039062 0.025000
0 0.736719 0.103125 0.051562 0.031250
0 0.753125 0.125000 0.037500 0.028125
0 0.765625 0.159375 0.040625 0.031250
0 0.778906 0.190625 0.039062 0.025000
0 0.787500 0.215625 0.028125 0.025000
0 0.796875 0.241406 0.034375 0.026562
0 0.808594 0.273438 0.042188 0.028125
0 0.827344 0.307812 0.039062 0.034375
0 0.833594 0.334375 0.048438 0.025000
0 0.846094 0.358594 0.026562 0.023438
0 0.864062 0.387500 0.028125 0.021875
0 0.875000 0.414844 0.043750 0.026562
0 0.889844 0.439844 0.039062 0.026562
0 0.903125 0.467969 0.046875 0.026562
0 0.943750 0.514062 0.000000 0.000000
0 0.916406 0.445312 0.020313 0.021875
0 0.922656 0.496094 0.039062 0.029687
0 0.936719 0.523438 0.045312 0.028125
0 0.946094 0.550000 0.042188 0.028125
0 0.953906 0.575781 0.039062 0.020313
0 0.964844 0.600781 0.029687 0.023438
0 0.660937 0.009375 0.040625 0.018750
0 0.670312 0.035937 0.037500 0.025000
0 0.682813 0.062500 0.034375 0.028125
0 0.692969 0.090625 0.035937 0.025000
0 0.700000 0.114844 0.037500 0.026562
0 0.714844 0.142187 0.035937 0.028125
0 0.726562 0.166406 0.037500 0.029687
0 0.741406 0.200000 0.042188 0.031250
0 0.757031 0.232813 0.035937 0.031250
0 0.769531 0.264844 0.032813 0.026562
0 0.782031 0.292187 0.035937 0.031250
0 0.791406 0.319531 0.032813 0.023438
0 0.803906 0.342969 0.035937 0.026562
0 0.817969 0.369531 0.035937 0.035937
0 0.839063 0.411719 0.025000 0.017188
0 0.852344 0.442188 0.045312 0.031250
0 0.860938 0.474219 0.040625 0.029687
0 0.877344 0.503906 0.045312 0.029687
0 0.892969 0.532813 0.045312 0.031250
0 0.904687 0.564063 0.040625 0.025000
0 0.916406 0.591406 0.051562 0.026562
0 0.928125 0.614062 0.043750 0.021875
0 0.616406 0.011719 0.039062 0.023438
0 0.628906 0.039844 0.039062 0.026562
0 0.639062 0.067187 0.040625 0.031250
0 0.644531 0.096875 0.048438 0.037500
0 0.664062 0.130469 0.037500 0.029687
0 0.678125 0.153906 0.040625 0.029687
0 0.693750 0.185938 0.043750 0.034375
0 0.703125 0.213281 0.034375 0.029687
0 0.718750 0.242188 0.034375 0.028125
0 0.734375 0.270313 0.031250 0.025000
0 0.744531 0.298438 0.032813 0.028125
0 0.757812 0.328125 0.028125 0.031250
0 0.770312 0.353906 0.031250 0.035937
0 0.785937 0.389062 0.037500 0.031250
0 0.799219 0.421875 0.035937 0.028125
0 0.809375 0.449219 0.043750 0.029687
0 0.821875 0.478906 0.040625 0.029687
0 0.839844 0.511719 0.035937 0.035937
0 0.856250 0.539062 0.040625 0.031250
0 0.865625 0.569531 0.037500 0.026562
0 0.875000 0.594531 0.034375 0.026562
0 0.884375 0.614844 0.031250 0.023438
0 0.564063 0.010156 -0.046875 -0.020313
0 0.575781 0.029687 0.042188 0.028125
0 0.584375 0.060156 0.031250 0.026562
0 0.595313 0.085938 0.034375 0.025000
0 0.604688 0.107031 0.034375 0.026562
0 0.621094 0.136719 0.042188 0.026562
0 0.639844 0.161719 0.035937 0.032813
0 0.655469 0.192969 0.039062 0.032813
0 0.671875 0.228906 0.037500 0.035937
0 0.684375 0.257031 0.037500 0.029687
0 0.700781 0.288281 0.039062 0.029687
0 0.713281 0.313281 0.035937 0.020313
0 0.720313 0.339062 0.043750 0.031250
0 0.728125 0.369531 0.046875 0.029687
0 0.743750 0.390625 0.028125 0.018750
0 0.751563 0.417969 0.040625 0.035937
0 0.759375 0.454688 0.050000 0.031250
0 0.779687 0.485156 0.040625 0.032813
0 0.794531 0.517969 0.045312 0.035937
0 0.810937 0.553125 0.046875 0.031250
0 0.827344 0.585156 0.042188 0.029687
0 0.846875 0.613281 0.040625 0.026562
0 0.517969 0.017188 0.048438 0.028125
0 0.531250 0.045312 0.037500 0.025000
0 0.546875 0.070312 0.037500 0.028125
0 0.554688 0.098437 0.040625 0.028125
0 0.568750 0.125781 0.040625 0.029687
0 0.587500 0.152344 0.034375 0.026562
0 0.608594 0.182812 0.054688 0.034375
0 0.617188 0.203125 0.037500 0.012500
0 0.629687 0.228906 0.037500 0.032813
0 0.641406 0.264844 0.045312 0.029687
0 0.656250 0.299219 0.046875 0.032813
0 0.670312 0.333594 0.043750 0.035937
0 0.680469 0.371094 0.042188 0.039062
0 0.698438 0.400781 0.031250 0.032813
0 0.707812 0.428125 0.025000 0.018750
0 0.728125 0.464062 0.028125 0.028125
0 0.744531 0.490625 0.035937 0.028125
0 0.754687 0.519531 0.034375 0.029687
0 0.769531 0.546875 0.029687 0.031250
0 0.778906 0.574219 0.032813 0.023438
0 0.792188 0.596875 0.037500 0.025000
0 0.810937 0.618750 0.037500 0.021875
0 0.490625 0.039062 0.040625 0.028125
0 0.484375 0.015625 0.050000 0.031250
0 0.503125 0.069531 0.043750 0.029687
0 0.512500 0.100781 0.040625 0.035937
0 0.536719 0.135156 0.042188 0.026562
0 0.550781 0.164844 0.045312 0.023438
0 0.565625 0.189062 0.050000 0.034375
0 0.580469 0.217188 0.039062 0.037500
0 0.596094 0.246094 0.039062 0.029687
0 0.603125 0.278906 0.050000 0.035937
0 0.629687 0.307812 0.040625 0.031250
0 0.634375 0.335938 0.031250 0.025000
0 0.646094 0.364844 0.026562 0.032813
0 0.659375 0.400000 0.031250 0.028125
0 0.672656 0.431250 0.029687 0.028125
0 0.685156 0.460938 0.039062 0.037500
0 0.704688 0.494531 0.037500 0.032813
0 0.718750 0.527344 0.043750 0.029687
0 0.730469 0.554688 0.039062 0.028125
0 0.747656 0.583594 0.039062 0.029687
0 0.759375 0.610156 0.037500 0.029687
0 0.442969 0.018750 0.035937 0.034375
0 0.451562 0.042188 0.025000 0.021875
0 0.459375 0.072656 0.037500 0.045312
0 0.478906 0.107813 0.032813 0.034375
0 0.494531 0.140625 0.035937 0.031250
0 0.510156 0.170313 0.032813 0.031250
0 0.527344 0.203906 0.032813 0.039062
0 0.541406 0.236719 0.032813 0.029687
0 0.553906 0.264844 0.042188 0.032813
0 0.567969 0.300000 0.032813 0.031250
0 0.588281 0.333594 0.045312 0.032813
0 0.602344 0.367969 0.039062 0.035937
0 0.615625 0.400000 0.034375 0.037500
0 0.636719 0.437500 0.042188 0.037500
0 0.653906 0.474219 0.035937 0.029687
0 0.667969 0.504687 0.039062 0.031250
0 0.680469 0.531250 0.035937 0.028125
0 0.692187 0.557813 0.031250 0.031250
0 0.703906 0.585938 0.039062 0.028125
0 0.717187 0.617188 0.040625 0.031250
0 0.404687 0.015625 0.034375 0.028125
0 0.411719 0.042969 0.032813 0.026562
0 0.422656 0.067969 0.029687 0.029687
0 0.429688 0.089844 0.031250 0.017188
0 0.440625 0.114062 0.037500 0.031250
0 0.457031 0.144531 0.039062 0.023438
0 0.472656 0.174219 0.039062 0.026562
0 0.483594 0.209375 0.042188 0.031250
0 0.503125 0.240625 0.028125 0.025000
0 0.519531 0.272656 0.039062 0.029687
0 0.520312 0.300781 0.040625 0.029687
0 0.537500 0.331250 0.040625 0.034375
0 0.560156 0.357812 0.032813 0.018750
0 0.567969 0.381250 0.035937 0.031250
0 0.578125 0.410156 0.031250 0.029687
0 0.596875 0.432031 0.028125 0.029687
0 0.612500 0.466406 0.034375 0.029687
0 0.631250 0.496875 0.037500 0.034375
0 0.642188 0.528906 0.037500 0.029687
0 0.655469 0.555469 0.039062 0.032813
0 0.670312 0.589844 0.050000 0.032813
0 0.681250 0.621094 0.043750 0.026562
0 0.360938 0.016406 0.040625 0.029687
0 0.374219 0.048438 0.035937 0.034375
0 0.382812 0.075781 0.043750 0.026562
0 0.391406 0.103906 0.032813 0.032813
0 0.403125 0.132812 0.037500 0.034375
0 0.425781 0.167969 0.039062 0.029687
0 0.445312 0.201563 0.034375 0.034375
0 0.457813 0.235937 0.034375 0.034375
0 0.471094 0.259375 0.035937 0.031250
0 0.478906 0.280469 0.042188 0.032813
0 0.490625 0.323437 0.031250 0.025000
0 0.510156 0.354687 0.035937 0.028125
0 0.539844 0.376563 0.023438 0.034375
0 0.545312 0.409375 0.025000 0.037500
0 0.560937 0.446094 0.034375 0.023438
0 0.578125 0.472656 0.034375 0.032813
0 0.589063 0.506250 0.034375 0.031250
0 0.605469 0.541406 0.042188 0.029687
0 0.617969 0.565625 0.032813 0.021875
0 0.622656 0.589844 0.035937 0.029687
0 0.637500 0.618750 0.037500 0.028125
0 0.642188 0.642969 0.028125 0.023438
0 0.327344 0.017188 0.032813 0.031250
0 0.332813 0.042188 0.040625 0.025000
0 0.339844 0.071094 0.039062 0.032813
0 0.344531 0.101562 0.032813 0.025000
0 0.363281 0.125781 0.039062 0.026562
0 0.370312 0.154688 0.037500 0.028125
0 0.389062 0.184375 0.050000 0.034375
0 0.402344 0.217969 0.051562 0.029687
0 0.422656 0.248438 0.039062 0.034375
0 0.432812 0.280469 0.043750 0.026562
0 0.446875 0.307812 0.043750 0.028125
0 0.460938 0.338281 0.037500 0.042188
0 0.482812 0.366406 0.037500 0.029687
0 0.495312 0.404687 0.053125 0.040625
0 0.516406 0.439844 0.042188 0.035937
0 0.533594 0.473438 0.039062 0.031250
0 0.546094 0.499219 0.039062 0.032813
0 0.557031 0.528906 0.039062 0.026562
0 0.564063 0.557813 0.000000 0.000000
0 0.567187 0.560937 0.037500 0.031250
0 0.581250 0.592187 0.040625 0.034375
0 0.596094 0.623437 0.045312 0.025000
0 0.282031 0.014063 0.051562 0.028125
0 0.286719 0.041406 0.042188 0.026562
0 0.292969 0.061719 0.029687 0.020313
0 0.300781 0.083594 0.035937 0.029687
0 0.314844 0.113281 0.035937 0.039062
0 0.327344 0.142187 0.042188 0.034375
0 0.340625 0.173437 0.046875 0.037500
0 0.355469 0.205469 0.023438 0.032813
0 0.378125 0.246875 0.037500 0.040625
0 0.386719 0.282031 0.035937 0.035937
0 0.401562 0.315625 0.040625 0.031250
0 0.425781 0.345313 0.039062 0.031250
0 0.436719 0.375000 0.039062 0.031250
0 0.450000 0.407813 0.043750 0.040625
0 0.467187 0.443750 0.043750 0.031250
0 0.485156 0.476562 0.039062 0.037500
0 0.503125 0.507031 0.043750 0.035937
0 0.514844 0.536719 0.039062 0.029687
0 0.522656 0.567187 0.035937 0.028125
0 0.537500 0.596094 0.037500 0.029687
0 0.550000 0.618750 0.028125 0.021875
0 0.562500 0.641406 0.034375 0.023438
0 0.239844 0.018750 0.035937 0.034375
0 0.244531 0.050781 0.042188 0.029687
0 0.256250 0.078906 0.046875 0.029687
0 0.270313 0.107813 0.040625 0.031250
0 0.282031 0.139844 0.029687 0.035937
0 0.296094 0.175000 0.045312 0.031250
0 0.316406 0.207031 0.042188 0.032813
0 0.328125 0.238281 0.037500 0.032813
0 0.350000 0.269531 0.043750 0.032813
0 0.360156 0.298438 0.029687 0.028125
0 0.371875 0.323437 0.031250 0.031250
0 0.385156 0.350000 0.042188 0.031250
0 0.396875 0.382812 0.037500 0.037500
0 0.410938 0.415625 0.037500 0.031250
0 0.429688 0.444531 0.034375 0.026562
0 0.439063 0.477344 0.050000 0.042188
0 0.459375 0.510938 0.050000 0.028125
0 0.471094 0.543750 0.045312 0.031250
0 0.478906 0.574219 0.039062 0.029687
0 0.496094 0.600781 0.039062 0.029687
0 0.510156 0.628125 0.039062 0.028125
0 0.518750 0.648438 0.040625 0.021875
0 0.193750 0.015625 0.046875 0.031250
0 0.202344 0.044531 0.045312 0.026562
0 0.213281 0.072656 0.035937 0.026562
0 0.225000 0.097656 0.037500 0.026562
0 0.234375 0.117188 0.043750 0.021875
0 0.245312 0.148438 0.034375 0.037500
0 0.254688 0.180469 0.018750 0.032813
0 0.278125 0.210938 0.034375 0.031250
0 0.287500 0.237500 0.037500 0.031250
0 0.308594 0.271094 0.035937 0.039062
0 0.323437 0.304688 0.034375 0.028125
0 0.328125 0.328125 0.040625 0.031250
0 0.344531 0.356250 0.029687 0.031250
0 0.360938 0.385156 0.031250 0.035937
0 0.373437 0.414844 0.031250 0.026562
0 0.387500 0.447656 0.031250 0.029687
0 0.395313 0.475781 0.028125 0.032813
0 0.414844 0.504687 0.039062 0.031250
0 0.422656 0.532031 0.029687 0.026562
0 0.437500 0.559375 0.031250 0.028125
0 0.455469 0.591406 0.045312 0.032813
0 0.464844 0.621875 0.042188 0.025000
0 0.478125 0.646875 0.031250 0.034375
0 0.150781 0.017969 0.035937 0.035937
0 0.156250 0.047656 0.037500 0.029687
0 0.171875 0.074219 0.040625 0.026562
0 0.185156 0.105469 0.035937 0.032813
0 0.199219 0.135937 0.035937 0.031250
0 0.217188 0.167187 0.031250 0.028125
0 0.228125 0.196875 0.037500 0.031250
0 0.242969 0.229687 0.042188 0.034375
0 0.259375 0.263281 0.043750 0.029687
0 0.273438 0.292969 0.040625 0.026562
0 0.288281 0.320312 0.032813 0.025000
0 0.300000 0.350000 0.040625 0.031250
0 0.307812 0.382812 0.040625 0.028125
0 0.326562 0.414062 0.046875 0.031250
0 0.339062 0.441406 0.031250 0.026562
0 0.357031 0.475000 0.039062 0.040625
0 0.376563 0.507031 0.037500 0.032813
0 0.384375 0.533594 0.043750 0.023438
0 0.392969 0.558594 0.045312 0.023438
0 0.410938 0.583594 0.040625 0.029687
0 0.419531 0.612500 0.035937 0.028125
0 0.427344 0.636719 0.023438 0.017188
0 0.103906 0.014844 0.042188 0.020313
0 0.113281 0.035937 0.032813 0.018750
0 0.121875 0.055469 0.031250 0.017188
0 0.133594 0.075781 0.032813 0.032813
0 0.151562 0.103125 0.031250 0.018750
0 0.159375 0.126562 0.031250 0.025000
0 0.157812 0.151562 0.040625 0.028125
0 0.171094 0.171094 0.039062 0.020313
0 0.180469 0.194531 0.029687 0.023438
0 0.192188 0.220312 0.043750 0.025000
0 0.203906 0.247656 0.042188 0.026562
0 0.217969 0.275781 0.051562 0.029687
0 0.231250 0.307812 0.062500 0.031250
0 0.248438 0.336719 0.037500 0.026562
0 0.262500 0.365625 0.043750 0.037500
0 0.275000 0.402344 0.037500 0.032813
0 0.292187 0.437500 0.040625 0.037500
0 0.307812 0.471875 0.040625 0.037500
0 0.331250 0.511719 0.043750 0.035937
0 0.342187 0.547656 0.037500 0.035937
0 0.361719 0.581250 0.039062 0.031250
0 0.376563 0.610156 0.040625 0.032813
0 0.385156 0.643750 0.045312 0.031250
0 0.058594 0.018750 0.042188 0.034375
0 0.071875 0.046875 0.034375 0.028125
0 0.084375 0.071875 0.037500 0.025000
0 0.096875 0.101562 0.034375 0.031250
0 0.113281 0.125781 0.042188 0.032813
0 0.114062 0.153125 0.031250 0.018750
0 0.129688 0.177344 0.031250 0.026562
0 0.143750 0.205469 0.037500 0.026562
0 0.153906 0.232813 0.035937 0.028125
0 0.164062 0.261719 0.043750 0.035937
0 0.184375 0.303906 0.040625 0.042188
0 0.200000 0.337500 0.046875 0.034375
0 0.214844 0.367969 0.048438 0.039062
0 0.225000 0.404687 0.053125 0.034375
0 0.250000 0.439063 0.043750 0.028125
0 0.260937 0.476562 0.043750 0.034375
0 0.285938 0.509375 0.043750 0.031250
0 0.300000 0.543750 0.037500 0.031250
0 0.317188 0.575000 0.040625 0.028125
0 0.327344 0.604688 0.042188 0.034375
0 0.339844 0.639062 0.039062 0.031250
0 0.017188 0.015625 -0.031250 -0.028125
0 0.025000 0.045312 -0.043750 -0.031250
0 0.039062 0.076563 0.040625 0.031250
0 0.054688 0.108594 0.037500 0.029687
0 0.069531 0.136719 0.039062 0.029687
0 0.080469 0.167187 0.035937 0.028125
0 0.092969 0.195312 0.045312 0.028125
0 0.103906 0.222656 0.029687 0.023438
0 0.120313 0.249219 0.031250 0.029687
0 0.132812 0.279687 0.031250 0.028125
0 0.145313 0.307812 0.031250 0.037500
0 0.170313 0.346094 0.046875 0.035937
0 0.176563 0.384375 0.031250 0.037500
0 0.199219 0.413281 0.029687 0.029687
0 0.210156 0.449219 0.039062 0.029687
0 0.224219 0.478125 0.032813 0.025000
0 0.239063 0.510156 0.037500 0.032813
0 0.246875 0.535156 0.040625 0.026562
0 0.265625 0.568750 0.040625 0.031250
0 0.280469 0.598437 0.039062 0.031250
0 0.297656 0.632812 0.045312 0.037500
0 0.014063 0.093750 -0.028125 -0.037500
0 0.021875 0.124219 0.034375 0.029687
0 0.033594 0.153125 0.032813 0.037500
0 0.043750 0.190625 0.034375 0.034375
0 0.065625 0.233594 0.034375 0.035937
0 0.081250 0.267969 0.037500 0.035937
0 0.103906 0.300781 0.042188 0.032813
0 0.116406 0.335938 0.032813 0.034375
0 0.134375 0.366406 0.031250 0.026562
0 0.151562 0.400781 0.034375 0.039062
0 0.167187 0.442188 0.037500 0.037500
0 0.182812 0.477344 0.034375 0.042188
0 0.203906 0.517969 0.035937 0.032813
0 0.210156 0.555469 0.039062 0.032813
0 0.233594 0.585938 0.042188 0.028125
0 0.246875 0.621875 0.040625 0.028125
0 0.257031 0.650781 0.042188 0.029687
0 0.012500 0.171094 -0.018750 -0.054688
0 0.039062 0.253125 0.034375 0.028125
0 0.018750 0.218750 -0.031250 -0.043750
0 0.053906 0.292187 0.035937 0.040625
0 0.067969 0.327344 0.042188 0.035937
0 0.086719 0.361719 0.045312 0.035937
0 0.102344 0.400781 0.045312 0.035937
0 0.122656 0.435937 0.035937 0.034375
0 0.143750 0.475781 0.043750 0.032813
0 0.154688 0.511719 0.034375 0.035937
0 0.165625 0.547656 0.034375 0.035937
0 0.178125 0.580469 0.037500 0.026562
0 0.196875 0.614844 0.040625 0.032813
0 0.209375 0.648438 0.040625 0.028125
0 0.014844 0.270313 -0.026562 -0.050000
0 0.026562 0.320312 -0.043750 -0.043750
0 0.045312 0.367969 0.037500 0.048438
0 0.066406 0.410938 0.051562 0.031250
0 0.084375 0.441406 0.043750 0.032813
0 0.095312 0.476562 0.040625 0.037500
0 0.113281 0.513281 0.042188 0.032813
0 0.127344 0.547656 0.042188 0.032813
0 0.141406 0.579688 0.042188 0.034375
0 0.157031 0.615625 0.035937 0.034375
0 0.173437 0.652344 0.034375 0.035937
0 0.011719 0.372656 -0.023438 -0.045312
0 0.025000 0.417187 -0.043750 -0.043750
0 0.045312 0.458594 0.043750 0.042188
0 0.058594 0.501563 0.039062 0.040625
0 0.081250 0.542969 0.037500 0.035937
0 0.096094 0.578125 0.035937 0.034375
0 0.108594 0.609375 0.035937 0.034375
0 0.121094 0.640625 0.032813 0.031250
0 0.135156 0.681250 0.035937 0.056250
0 0.017188 0.471094 -0.031250 -0.057813
0 0.025781 0.510156 -0.039062 -0.039062
0 0.037500 0.547656 0.040625 0.042188
0 0.052344 0.581250 0.039062 0.034375
0 0.067969 0.617188 0.039062 0.037500
0 0.089063 0.658594 0.031250 0.039062
0 0.102344 0.699219 0.035937 0.035937
0 0.114844 0.730469 0.035937 0.035937
0 0.132812 0.771094 0.031250 0.035937
0 0.150000 0.805469 0.037500 0.035937
0 0.162500 0.839844 0.034375 0.029687
0 0.181250 0.868750 0.028125 0.028125
0 0.195312 0.898438 0.031250 0.028125
0 0.206250 0.925000 0.037500 0.025000
0 0.219531 0.950000 0.035937 0.028125
0 0.232031 0.972656 0.039062 0.023438
0 0.239063 0.989844 0.031250 0.014063
0 0.013281 0.558594 -0.023438 -0.051562
0 0.017188 0.601562 -0.031250 -0.025000
0 0.028906 0.632812 -0.032813 -0.040625
0 0.060937 0.705469 0.034375 0.023438
0 0.050000 0.678125 -0.046875 -0.040625
0 0.076563 0.739844 0.040625 0.035937
0 0.093750 0.775000 0.037500 0.028125
0 0.107031 0.807031 0.042188 0.029687
0 0.123438 0.839844 0.043750 0.029687
0 0.135937 0.869531 0.050000 0.023438
0 0.155469 0.893750 0.045312 0.034375
0 0.174219 0.926562 0.042188 0.028125
0 0.178125 0.949219 0.043750 0.023438
0 0.192969 0.972656 0.039062 0.026562
0 0.206250 0.990625 0.028125 0.015625
0 0.014063 0.646875 -0.021875 -0.050000
0 0.018750 0.694531 -0.028125 -0.042188
0 0.032031 0.734375 0.042188 0.031250
0 0.045312 0.771094 0.043750 0.039062
0 0.064844 0.813281 0.045312 0.039062
0 0.082031 0.846094 0.035937 0.026562
0 0.090625 0.875000 0.028125 0.021875
0 0.110937 0.900000 0.037500 0.034375
0 0.125781 0.934375 0.042188 0.031250
0 0.139063 0.959375 0.040625 0.021875
0 0.151562 0.981250 0.037500 0.031250
0 0.014063 0.763281 -0.025000 -0.032813
0 0.021094 0.800000 -0.035937 -0.037500
0 0.035156 0.839063 0.029687 0.034375
0 0.051562 0.871094 0.043750 0.029687
0 0.061719 0.903125 0.035937 0.034375
0 0.081250 0.932813 0.043750 0.028125
0 0.089844 0.960938 0.035937 0.025000
0 0.107031 0.982031 0.042188 0.026562
0 0.011719 0.844531 -0.020313 -0.039062
0 0.016406 0.878125 -0.029687 -0.028125
0 0.024219 0.906250 0.035937 0.025000
0 0.032813 0.934375 0.037500 0.031250
0 0.050781 0.963281 0.042188 0.023438
0 0.055469 0.985156 0.045312 0.023438
0 0.012500 0.935156 -0.025000 -0.032813
0 0.017969 0.972656 0.026562 0.042188
0 0.156250 0.724219 0.037500 0.032813
0 0.165625 0.757031 0.037500 0.029687
0 0.176563 0.786719 0.037500 0.032813
0 0.192969 0.817187 0.039062 0.031250
0 0.200000 0.846094 0.040625 0.026562
0 0.223438 0.873437 0.028125 0.031250
0 0.233594 0.898438 0.035937 0.028125
0 0.242969 0.923438 0.032813 0.025000
0 0.255469 0.950000 0.035937 0.025000
0 0.275000 0.978125 0.034375 0.037500
0 0.180469 0.686719 0.035937 0.032813
0 0.193750 0.718750 0.037500 0.028125
0 0.208594 0.750000 0.035937 0.028125
0 0.216406 0.776563 0.039062 0.034375
0 0.228125 0.807813 0.043750 0.028125
0 0.246094 0.840625 0.039062 0.034375
0 0.264844 0.871094 0.048438 0.032813
0 0.284375 0.900000 0.028125 0.034375
0 0.294531 0.933594 0.035937 0.032813
0 0.307812 0.961719 0.025000 0.023438
0 0.314844 0.984375 0.032813 0.028125
0 0.221875 0.677344 0.043750 0.023438
0 0.227344 0.703906 0.039062 0.029687
0 0.236719 0.731250 0.032813 0.028125
0 0.258594 0.767969 0.035937 0.039062
0 0.274219 0.793750 0.039062 0.037500
0 0.289062 0.824219 0.053125 0.029687
0 0.303906 0.856250 0.045312 0.028125
0 0.316406 0.886719 0.039062 0.026562
0 0.323437 0.914844 0.040625 0.032813
0 0.339062 0.939063 0.040625 0.031250
0 0.353906 0.964063 0.035937 0.021875
0 0.360156 0.985938 0.045312 0.018750
0 0.276562 0.685937 0.040625 0.034375
0 0.285938 0.717969 0.040625 0.035937
0 0.302344 0.745313 0.035937 0.021875
0 0.311719 0.768750 0.039062 0.034375
0 0.322656 0.795312 0.035937 0.028125
0 0.333594 0.822656 0.035937 0.032813
0 0.348438 0.855469 0.037500 0.032813
0 0.359375 0.882031 0.040625 0.035937
0 0.367969 0.919531 0.042188 0.029687
0 0.382812 0.953125 0.037500 0.034375
0 0.397656 0.982031 0.035937 0.029687
0 0.307031 0.667188 0.045312 0.025000
0 0.321875 0.692969 0.040625 0.026562
0 0.332031 0.726562 0.035937 0.037500
0 0.344531 0.757031 0.032813 0.032813
0 0.357812 0.786719 0.037500 0.026562
0 0.375000 0.814844 0.037500 0.029687
0 0.380469 0.844531 0.045312 0.039062
0 0.397656 0.876563 0.039062 0.031250
0 0.410938 0.909375 0.050000 0.031250
0 0.416406 0.938281 0.051562 0.032813
0 0.430469 0.964063 0.035937 0.021875
0 0.445312 0.985156 0.046875 0.023438
0 0.356250 0.671875 0.043750 0.028125
0 0.368750 0.700781 0.043750 0.026562
0 0.383594 0.730469 0.045312 0.029687
0 0.392188 0.760938 0.037500 0.025000
0 0.401562 0.788281 0.043750 0.029687
0 0.417969 0.817187 0.039062 0.021875
0 0.431250 0.841406 0.053125 0.035937
0 0.443750 0.872656 0.040625 0.023438
0 0.455469 0.900781 0.045312 0.035937
0 0.466406 0.932031 0.045312 0.023438
0 0.482031 0.960938 0.045312 0.028125
0 0.492188 0.987500 0.050000 0.021875
0 0.408594 0.673438 0.039062 0.034375
0 0.415625 0.705469 0.043750 0.029687
0 0.428125 0.733594 0.037500 0.026562
0 0.439844 0.760938 0.042188 0.034375
0 0.453906 0.791406 0.045312 0.032813
0 0.463281 0.821875 0.042188 0.031250
0 0.477344 0.855469 0.039062 0.032813
0 0.495312 0.889062 0.028125 0.034375
0 0.505469 0.918750 0.039062 0.028125
0 0.517969 0.945312 0.039062 0.034375
0 0.530469 0.976562 0.035937 0.031250
0 0.535937 0.991406 0.031250 0.010937
0 0.578906 0.986719 0.039062 0.023438
0 0.571875 0.963281 -0.034375 -0.026562
0 0.563281 0.935937 -0.035937 -0.025000
0 0.547656 0.902344 -0.039062 -0.032813
0 0.529687 0.869531 -0.040625 -0.032813
0 0.508594 0.841406 -0.039062 -0.029687
0 0.515625 0.835156 -0.050000 -0.035937
0 0.507031 0.804688 -0.032813 -0.028125
0 0.497656 0.777344 -0.035937 -0.032813
0 0.485156 0.747656 -0.042188 -0.032813
0 0.473438 0.717969 -0.040625 -0.032813
0 0.455469 0.685156 -0.048438 -0.035937
0 0.438281 0.656250 -0.026562 -0.025000
0 0.497656 0.681250 0.035937 0.028125
0 0.507031 0.708594 0.029687 0.029687
0 0.517969 0.735938 0.029687 0.028125
0 0.529687 0.764062 0.043750 0.028125
0 0.541406 0.798438 0.045312 0.031250
0 0.557813 0.831250 0.037500 0.037500
0 0.569531 0.864844 0.035937 0.026562
0 0.581250 0.896875 0.037500 0.028125
0 0.593750 0.923438 0.043750 0.025000
0 0.605469 0.951562 0.035937 0.031250
0 0.614062 0.982031 0.028125 0.026562
0 0.653125 0.980469 0.043750 0.029687
0 0.645312 0.950781 -0.034375 -0.032813
0 0.637500 0.925000 -0.037500 -0.034375
0 0.627344 0.900000 -0.045312 -0.031250
0 0.609375 0.872656 -0.031250 -0.029687
0 0.590625 0.841406 -0.037500 -0.039062
0 0.601562 0.828125 -0.037500 -0.043750
0 0.582812 0.796875 -0.031250 -0.025000
0 0.571094 0.766406 -0.039062 -0.032813
0 0.553906 0.739062 -0.032813 -0.031250
0 0.549219 0.710938 -0.039062 -0.031250
0 0.535156 0.682813 -0.035937 -0.034375
0 0.559375 0.650781 -0.003125 0.004687
0 0.571875 0.672656 0.037500 0.032813
0 0.587500 0.703125 0.034375 0.031250
0 0.592969 0.732812 0.032813 0.031250
0 0.606250 0.760938 0.031250 0.040625
0 0.621094 0.790625 0.048438 0.034375
0 0.625000 0.766406 -0.012500 -0.032813
0 0.639062 0.825781 0.037500 0.032813
0 0.643750 0.862500 0.040625 0.034375
0 0.658594 0.896875 0.026562 0.028125
0 0.673438 0.920312 0.034375 0.028125
0 0.682813 0.942969 0.040625 0.032813
0 0.692969 0.969531 0.048438 0.020313
0 0.702344 0.986719 0.048438 0.020313
0 0.746094 0.986719 0.039062 0.017188
0 0.738281 0.962500 -0.045312 -0.031250
0 0.717969 0.928906 -0.042188 -0.023438
0 0.713281 0.903906 -0.035937 -0.026562
0 0.694531 0.881250 -0.042188 -0.028125
0 0.689063 0.855469 -0.043750 -0.035937
0 0.679688 0.821094 -0.043750 -0.035937
0 0.667188 0.790625 -0.037500 -0.031250
0 0.650781 0.759375 -0.042188 -0.031250
0 0.638281 0.734375 -0.039062 -0.034375
0 0.632812 0.703125 -0.037500 -0.031250
0 0.616406 0.675000 -0.035937 -0.034375
0 0.599219 0.646875 -0.045312 -0.028125
0 0.654687 0.667188 0.037500 0.028125
0 0.667188 0.692187 0.034375 0.034375
0 0.679688 0.723437 0.034375 0.028125
0 0.695312 0.756250 0.040625 0.034375
0 0.703906 0.789844 0.039062 0.029687
0 0.717969 0.820312 0.032813 0.031250
0 0.732031 0.851562 0.032813 0.031250
0 0.747656 0.884375 0.035937 0.028125
0 0.754687 0.914062 0.040625 0.028125
0 0.766406 0.940625 0.039062 0.031250
0 0.774219 0.971875 0.017188 0.028125
0 0.784375 0.986719 0.028125 0.020313
0 0.675781 0.643750 -0.023438 -0.018750
0 0.688281 0.650781 0.051562 0.039062
0 0.702344 0.685156 0.045312 0.042188
0 0.721094 0.726562 0.051562 0.040625
0 0.735938 0.764062 0.040625 0.034375
0 0.752344 0.795312 0.048438 0.031250
0 0.767969 0.832031 0.045312 0.032813
0 0.779687 0.862500 0.037500 0.034375
0 0.792188 0.896875 0.037500 0.034375
0 0.807031 0.927344 0.048438 0.032813
0 0.810937 0.959375 0.037500 0.031250
0 0.826562 0.984375 0.043750 0.025000
0 0.871094 0.979688 0.042188 0.034375
0 0.859375 0.943750 -0.046875 -0.040625
0 0.836719 0.907813 -0.045312 -0.037500
0 0.819531 0.871875 -0.032813 -0.031250
0 0.808594 0.848437 -0.035937 -0.040625
0 0.799219 0.807031 -0.035937 -0.045312
0 0.782813 0.767188 -0.031250 -0.031250
0 0.771094 0.740625 -0.042188 -0.034375
0 0.762500 0.708594 -0.046875 -0.032813
0 0.743750 0.676562 -0.037500 -0.040625
0 0.737500 0.639844 -0.037500 -0.029687
0 0.770312 0.639062 0.040625 0.025000
0 0.781250 0.664844 0.037500 0.032813
0 0.791406 0.689844 0.042188 0.032813
0 0.809375 0.722656 0.040625 0.029687
0 0.818750 0.755469 0.037500 0.029687
0 0.831250 0.789844 0.043750 0.032813
0 0.846875 0.825000 0.043750 0.031250
0 0.861719 0.861719 0.051562 0.032813
0 0.872656 0.892188 0.039062 0.028125
0 0.885938 0.924219 0.043750 0.029687
0 0.900000 0.951562 0.028125 0.025000
0 0.911719 0.978125 0.048438 0.037500
0 0.953906 0.979688 0.035937 0.034375
0 0.985938 0.970313 0.021875 0.034375
0 0.946094 0.948438 -0.045312 -0.034375
0 0.933594 0.916406 -0.042188 -0.032813
0 0.922656 0.892188 -0.048438 -0.034375
0 0.910156 0.859375 -0.048438 -0.037500
0 0.890625 0.822656 -0.034375 -0.035937
0 0.882812 0.795312 -0.040625 -0.037500
0 0.867188 0.765625 -0.037500 -0.031250
0 0.853906 0.739062 -0.039062 -0.025000
0 0.846875 0.716406 -0.031250 -0.026562
0 0.835156 0.692187 -0.035937 -0.025000
0 0.825781 0.664844 -0.035937 -0.029687
0 0.813281 0.639062 -0.029687 -0.021875
0 0.859375 0.646094 0.040625 0.029687
0 0.867188 0.670312 0.043750 0.034375
0 0.881250 0.700000 0.040625 0.034375
0 0.896094 0.730469 0.048438 0.029687
0 0.913281 0.763281 0.039062 0.026562
0 0.925781 0.789062 0.035937 0.028125
0 0.931250 0.820312 0.034375 0.037500
0 0.947656 0.853906 0.029687 0.032813
0 0.960938 0.881250 0.034375 0.031250
0 0.971875 0.910156 0.028125 0.026562
0 0.979688 0.932031 0.034375 0.035937
0 0.903906 0.646094 0.029687 0.039062
0 0.902344 0.667969 0.042188 0.026562
0 0.921094 0.697656 0.035937 0.032813
0 0.938281 0.733594 0.032813 0.032813
0 0.950781 0.766406 0.026562 0.039062
0 0.960156 0.794531 0.032813 0.023438
0 0.971094 0.816406 0.039062 0.023438
0 0.980469 0.844531 0.032813 0.026562
0 0.989844 0.882031 0.010937 0.039062
0 0.938281 0.643750 0.035937 0.034375
0 0.953125 0.675000 0.037500 0.031250
0 0.966406 0.705469 0.045312 0.035937
0 0.977344 0.740625 0.039062 0.034375
0 0.986719 0.772656 0.017188 0.032813
0 0.991406 0.796875 0.014063 0.018750
0 0.971094 0.768750 -0.020313 -0.028125
0 0.975000 0.628125 0.031250 0.034375
0 0.982812 0.657031 0.025000 0.032813
0 0.982812 0.679688 0.000000 0.000000
0 0.993750 0.617969 0.006250 0.023438
0 0.991406 0.696094 0.007812 0.032813
