0 0.988281 0.017969 0.020313 0.026562
0 0.956250 0.017188 0.040625 0.031250
0 0.967969 0.047656 0.032813 0.026562
0 0.975781 0.071094 0.039062 0.026562
0 0.982812 0.096094 0.025000 0.023438
0 0.991406 0.042969 0.014063 0.020313
0 0.908594 0.012500 0.039062 0.025000
0 0.919531 0.036719 0.042188 0.026562
0 0.933594 0.062500 0.029687 0.021875
0 0.945312 0.085938 0.021875 0.021875
0 0.953906 0.108594 0.035937 0.023438
0 0.964844 0.134375 0.026562 0.025000
0 0.975000 0.160938 0.025000 0.028125
0 0.982812 0.191406 0.018750 0.023438
0 0.989062 0.124219 0.012500 0.023438
0 0.869531 0.017188 0.032813 0.028125
0 0.878125 0.044531 0.037500 0.029687
0 0.895312 0.073438 0.040625 0.028125
0 0.908594 0.105469 0.029687 0.032813
0 0.923438 0.135156 0.037500 0.017188
0 0.935937 0.164062 0.031250 0.028125
0 0.949219 0.189844 0.032813 0.023438
0 0.962500 0.218750 0.031250 0.028125
0 0.975781 0.244531 0.032813 0.020313
0 0.981250 0.269531 0.031250 0.020313
0 0.987500 0.290625 0.021875 0.018750
0 0.828125 0.010937 0.037500 0.021875
0 0.832812 0.032813 0.031250 0.021875
0 0.838281 0.053906 0.029687 0.023438
0 0.849219 0.075781 0.032813 0.023438
0 0.857812 0.099219 0.040625 0.020313
0 0.869531 0.118750 0.035937 0.021875
0 0.883594 0.142969 0.032813 0.023438
0 0.897656 0.164062 0.035937 0.025000
0 0.910937 0.189844 0.043750 0.029687
0 0.923438 0.216406 0.037500 0.023438
0 0.932031 0.245312 0.029687 0.025000
0 0.943750 0.267969 0.034375 0.017188
0 0.953906 0.291406 0.029687 0.026562
0 0.963281 0.320312 0.026562 0.028125
0 0.975000 0.350000 0.031250 0.025000
0 0.982031 0.372656 0.029687 0.023438
0 0.987500 0.394531 0.012500 0.017188
0 0.786719 0.012500 0.039062 0.025000
0 0.795312 0.037500 0.037500 0.021875
0 0.803125 0.060937 0.034375 0.021875
0 0.811719 0.082812 0.020313 0.021875
0 0.829688 0.107031 0.028125 0.023438
0 0.839063 0.130469 0.028125 0.026562
0 0.851562 0.155469 0.037500 0.020313
0 0.862500 0.177344 0.025000 0.023438
0 0.873437 0.199219 0.031250 0.026562
0 0.885156 0.232031 0.035937 0.035937
0 0.899219 0.262500 0.042188 0.025000
0 0.913281 0.287500 0.032813 0.028125
0 0.921875 0.312500 0.034375 0.025000
0 0.933594 0.342969 0.032813 0.029687
0 0.944531 0.369531 0.035937 0.023438
0 0.955469 0.396875 0.042188 0.028125
0 0.967187 0.425000 0.040625 0.021875
0 0.982031 0.448437 0.032813 0.021875
0 0.985156 0.473438 0.020313 0.025000
0 0.742188 0.014063 0.040625 0.025000
0 0.756250 0.039062 0.031250 0.025000
0 0.764844 0.062500 0.029687 0.025000
0 0.774219 0.085938 0.042188 0.025000
0 0.788281 0.115625 0.035937 0.025000
0 0.796875 0.142187 0.031250 0.025000
0 0.810937 0.168750 0.034375 0.025000
0 0.830469 0.199219 0.035937 0.032813
0 0.844531 0.227344 0.029687 0.026562
0 0.873437 0.282813 0.031250 0.018750
0 0.884375 0.304688 0.040625 0.031250
0 0.893750 0.339062 0.040625 0.034375
0 0.864844 0.260156 0.014063 0.017188
0 0.906250 0.376563 0.043750 0.037500
0 0.921094 0.403125 0.020313 0.025000
0 0.926562 0.422656 0.034375 0.017188
0 0.945312 0.446094 0.025000 0.020313
0 0.954688 0.474219 0.031250 0.032813
0 0.965625 0.517969 0.040625 0.032813
0 0.975000 0.550000 0.028125 0.034375
0 0.992969 0.601562 0.010000 0.015625
0 0.982812 0.575000 0.021875 0.031250
0 0.698438 0.016406 0.034375 0.029687
0 0.714844 0.044531 0.032813 0.020313
0 0.728906 0.070312 0.032813 0.028125
0 0.735156 0.097656 0.035937 0.026562
0 0.750000 0.120313 0.031250 0.021875
0 0.762500 0.144531 0.031250 0.020313
0 0.774219 0.173437 0.035937 0.031250
0 0.789062 0.207031 0.037500 0.029687
0 0.808594 0.239844 0.039062 0.032813
0 0.825781 0.271875 0.045312 0.034375
0 0.838281 0.303125 0.042188 0.031250
0 0.849219 0.335156 0.039062 0.029687
0 0.857812 0.371094 0.037500 0.032813
0 0.876563 0.403906 0.034375 0.026562
0 0.892969 0.435156 0.035937 0.032813
0 0.910156 0.468750 0.026562 0.034375
0 0.929688 0.516406 0.028125 0.026562
0 0.939844 0.547656 0.026562 0.029687
0 0.957031 0.575000 0.020313 0.010000
0 0.966406 0.596875 0.023438 0.021875
0 0.975781 0.626563 0.039062 0.025000
0 0.663281 0.010937 0.039062 0.021875
0 0.674219 0.037500 0.026562 0.025000
0 0.684375 0.060156 0.031250 0.017188
0 0.691406 0.085156 0.039062 0.026562
0 0.708594 0.112500 0.042188 0.021875
0 0.721875 0.139063 0.043750 0.031250
0 0.733594 0.172656 0.035937 0.026562
0 0.748437 0.203906 0.037500 0.032813
0 0.764844 0.239844 0.042188 0.032813
0 0.775781 0.276562 0.035937 0.031250
0 0.795312 0.305469 0.037500 0.026562
0 0.808594 0.341406 0.032813 0.032813
0 0.822656 0.375781 0.029687 0.032813
0 0.843750 0.408594 0.046875 0.026562
0 0.857031 0.446875 0.035937 0.037500
0 0.878125 0.491406 0.037500 0.039062
0 0.893750 0.531250 0.040625 0.037500
0 0.907031 0.572656 0.029687 0.029687
0 0.921875 0.598437 0.037500 0.037500
0 0.624219 0.016406 0.035937 0.032813
0 0.638281 0.049219 0.035937 0.029687
0 0.648438 0.074219 0.028125 0.020313
0 0.657813 0.104688 0.040625 0.031250
0 0.672656 0.140625 0.039062 0.037500
0 0.701562 0.183594 0.053125 0.032813
0 0.714063 0.210156 0.025000 0.020313
0 0.731250 0.244531 0.034375 0.023438
0 0.741406 0.273438 0.039062 0.031250
0 0.750781 0.300781 0.039062 0.026562
0 0.763281 0.332813 0.042188 0.031250
0 0.779687 0.364844 0.040625 0.032813
0 0.796094 0.393750 0.035937 0.031250
0 0.811719 0.429688 0.032813 0.031250
0 0.821094 0.460156 0.029687 0.023438
0 0.835156 0.489063 0.045312 0.031250
0 0.849219 0.517969 0.035937 0.026562
0 0.865625 0.550781 0.040625 0.032813
0 0.872656 0.581250 0.026562 0.028125
0 0.884375 0.610938 0.037500 0.025000
0 0.892969 0.635156 0.048438 0.023438
0 0.904687 0.659375 0.043750 0.025000
0 0.584375 0.013281 0.034375 0.026562
0 0.596094 0.042969 0.032813 0.032813
0 0.608594 0.073438 0.029687 0.018750
0 0.618750 0.101562 0.034375 0.031250
0 0.625781 0.132812 0.039062 0.031250
0 0.647656 0.164844 0.032813 0.023438
0 0.660156 0.194531 0.035937 0.035937
0 0.685937 0.232813 0.037500 0.031250
0 0.703906 0.268750 0.039062 0.028125
0 0.710938 0.307031 0.037500 0.035937
0 0.728125 0.341406 0.034375 0.029687
0 0.737500 0.368750 0.034375 0.031250
0 0.756250 0.403906 0.043750 0.026562
0 0.772656 0.432812 0.039062 0.031250
0 0.780469 0.466406 0.020313 0.035937
0 0.801562 0.499219 0.031250 0.032813
0 0.811719 0.530469 0.035937 0.029687
0 0.826562 0.558594 0.043750 0.026562
0 0.836719 0.585938 0.045312 0.031250
0 0.847656 0.613281 0.045312 0.026562
0 0.855469 0.641406 0.057813 0.026562
0 0.545312 0.018750 0.040625 0.031250
0 0.557031 0.050000 0.039062 0.031250
0 0.577344 0.084375 0.035937 0.034375
0 0.592187 0.114062 0.034375 0.025000
0 0.600000 0.143750 0.031250 0.028125
0 0.616406 0.177344 0.039062 0.042188
0 0.628906 0.210156 0.032813 0.026562
0 0.648438 0.245312 0.037500 0.034375
0 0.661719 0.284375 0.035937 0.034375
0 0.675781 0.317969 0.032813 0.026562
0 0.687500 0.345313 0.031250 0.028125
0 0.705469 0.375000 0.042188 0.028125
0 0.715625 0.403906 0.037500 0.029687
0 0.724219 0.432031 0.039062 0.026562
0 0.753125 0.458594 0.010000 0.010000
0 0.746094 0.467187 0.039062 0.034375
0 0.757812 0.500781 0.050000 0.032813
0 0.767188 0.535937 0.034375 0.034375
0 0.782031 0.568750 0.042188 0.031250
0 0.792969 0.602344 0.045312 0.029687
0 0.810937 0.633594 0.037500 0.032813
0 0.814063 0.661719 0.025000 0.017188
0 0.504687 0.017188 0.034375 0.028125
0 0.520312 0.044531 0.031250 0.023438
0 0.524219 0.067187 0.026562 0.015625
0 0.532813 0.089844 0.040625 0.029687
0 0.553906 0.121094 0.035937 0.023438
0 0.564844 0.155469 0.042188 0.032813
0 0.583594 0.190625 0.042188 0.034375
0 0.599219 0.224219 0.035937 0.032813
0 0.612500 0.257812 0.040625 0.031250
0 0.632031 0.287500 0.029687 0.028125
0 0.646875 0.318750 0.034375 0.031250
0 0.653125 0.347656 0.034375 0.023438
0 0.659375 0.378906 0.037500 0.029687
0 0.670312 0.403906 0.043750 0.029687
0 0.684375 0.432812 0.031250 0.031250
0 0.696094 0.460938 0.026562 0.021875
0 0.708594 0.491406 0.029687 0.023438
0 0.721094 0.520312 0.026562 0.028125
0 0.737500 0.545312 0.028125 0.025000
0 0.748437 0.574219 0.034375 0.023438
0 0.757812 0.605469 0.040625 0.032813
0 0.772656 0.642188 0.032813 0.034375
0 0.782813 0.668750 0.037500 0.018750
0 0.469531 0.017969 0.026562 0.035937
0 0.486719 0.046094 0.029687 0.032813
0 0.494531 0.081250 0.029687 0.028125
0 0.507031 0.115625 0.032813 0.025000
0 0.529687 0.146875 0.037500 0.034375
0 0.544531 0.180469 0.039062 0.032813
0 0.550781 0.211719 0.032813 0.029687
0 0.561719 0.241406 0.032813 0.029687
0 0.571875 0.274219 0.034375 0.032813
0 0.590625 0.300781 0.031250 0.026562
0 0.607031 0.332031 0.029687 0.035937
0 0.618750 0.369531 0.037500 0.035937
0 0.628125 0.404687 0.028125 0.034375
0 0.648438 0.439063 0.034375 0.031250
0 0.662500 0.473438 0.034375 0.031250
0 0.675000 0.511719 0.031250 0.039062
0 0.702344 0.552344 0.042188 0.042188
0 0.712500 0.585156 0.034375 0.026562
0 0.728125 0.614062 0.028125 0.028125
0 0.740625 0.640625 0.028125 0.025000
0 0.746094 0.666406 0.014063 0.023438
0 0.430469 0.017188 0.051562 0.025000
0 0.444531 0.047656 0.042188 0.023438
0 0.458594 0.078125 0.032813 0.031250
0 0.466406 0.105469 0.029687 0.023438
0 0.477344 0.133594 0.035937 0.029687
0 0.485938 0.162500 0.040625 0.031250
0 0.496875 0.191406 0.037500 0.023438
0 0.514844 0.227344 0.035937 0.035937
0 0.528125 0.262500 0.043750 0.034375
0 0.540625 0.290625 0.040625 0.034375
0 0.553906 0.329688 0.045312 0.037500
0 0.570312 0.369531 0.050000 0.032813
0 0.589063 0.404687 0.040625 0.031250
0 0.605469 0.439844 0.048438 0.029687
0 0.621875 0.475000 0.040625 0.031250
0 0.635938 0.505469 0.040625 0.032813
0 0.650781 0.541406 0.039062 0.032813
0 0.670312 0.574219 0.034375 0.026562
0 0.679688 0.603906 0.031250 0.029687
0 0.692187 0.636719 0.037500 0.026562
0 0.705469 0.662500 0.042188 0.031250
0 0.382812 0.019531 0.046875 0.032813
0 0.393750 0.047656 0.040625 0.020313
0 0.403906 0.077344 0.039062 0.029687
0 0.417187 0.107813 0.046875 0.037500
0 0.439063 0.142187 0.034375 0.025000
0 0.447656 0.173437 0.039062 0.034375
0 0.458594 0.209375 0.039062 0.031250
0 0.471094 0.239844 0.042188 0.026562
0 0.483594 0.264062 0.032813 0.015625
0 0.494531 0.289062 0.039062 0.031250
0 0.508594 0.325781 0.045312 0.035937
0 0.521094 0.358594 0.039062 0.032813
0 0.535937 0.393750 0.043750 0.031250
0 0.550781 0.427344 0.042188 0.032813
0 0.567187 0.460938 0.043750 0.028125
0 0.589063 0.494531 0.046875 0.039062
0 0.600781 0.528906 0.048438 0.023438
0 0.618750 0.561719 0.050000 0.026562
0 0.635156 0.592969 0.048438 0.035937
0 0.648438 0.628906 0.056250 0.035937
0 0.664062 0.657813 0.046875 0.028125
0 0.338281 0.016406 0.042188 0.029687
0 0.352344 0.048438 0.039062 0.025000
0 0.365625 0.075781 0.040625 0.020313
0 0.373437 0.105469 0.046875 0.029687
0 0.389062 0.135937 0.046875 0.028125
0 0.399219 0.167187 0.042188 0.025000
0 0.411719 0.194531 0.045312 0.026562
0 0.421875 0.223438 0.050000 0.025000
0 0.433594 0.250000 0.048438 0.028125
0 0.446875 0.278125 0.046875 0.021875
0 0.457031 0.310156 0.042188 0.026562
0 0.474219 0.342187 0.039062 0.028125
0 0.487500 0.375781 0.043750 0.026562
0 0.493750 0.402344 0.037500 0.026562
0 0.507812 0.426563 0.037500 0.025000
0 0.523438 0.456250 0.043750 0.034375
0 0.533594 0.486719 0.042188 0.029687
0 0.542188 0.515625 0.043750 0.021875
0 0.560937 0.546875 0.046875 0.031250
0 0.575000 0.578906 0.046875 0.029687
0 0.592187 0.613281 0.053125 0.029687
0 0.604688 0.643750 0.046875 0.025000
0 0.616406 0.671875 0.048438 0.025000
0 0.294531 0.016406 0.051562 0.032813
0 0.306250 0.046094 0.034375 0.029687
0 0.320312 0.078125 0.040625 0.025000
0 0.328125 0.107813 0.034375 0.028125
0 0.341406 0.142187 0.042188 0.034375
0 0.357812 0.173437 0.037500 0.025000
0 0.371875 0.207031 0.034375 0.029687
0 0.375000 0.242188 0.037500 0.034375
0 0.403906 0.276562 0.042188 0.034375
0 0.410156 0.304688 0.035937 0.025000
0 0.426563 0.338281 0.040625 0.032813
0 0.435937 0.369531 0.046875 0.026562
0 0.453906 0.403125 0.042188 0.034375
0 0.465625 0.435937 0.040625 0.028125
0 0.487500 0.467969 0.043750 0.029687
0 0.498437 0.507812 0.037500 0.034375
0 0.514844 0.542188 0.035937 0.028125
0 0.529687 0.573438 0.031250 0.034375
0 0.542969 0.609375 0.035937 0.031250
0 0.553906 0.639844 0.042188 0.023438
0 0.250000 0.015625 0.031250 0.028125
0 0.262500 0.043750 0.040625 0.025000
0 0.272656 0.071094 0.035937 0.026562
0 0.285156 0.103125 0.029687 0.028125
0 0.298438 0.133594 0.034375 0.032813
0 0.309375 0.163281 0.037500 0.026562
0 0.325781 0.192969 0.039062 0.026562
0 0.331250 0.221094 0.037500 0.020313
0 0.343750 0.246875 0.034375 0.031250
0 0.357812 0.282031 0.040625 0.032813
0 0.375000 0.318750 0.040625 0.031250
0 0.391406 0.350000 0.029687 0.028125
0 0.404687 0.382031 0.028125 0.032813
0 0.411719 0.411719 0.039062 0.029687
0 0.433594 0.442188 0.029687 0.028125
0 0.444531 0.471875 0.029687 0.015625
0 0.450000 0.478906 0.034375 0.035937
0 0.460938 0.514844 0.031250 0.029687
0 0.481250 0.548438 0.037500 0.034375
0 0.489063 0.583594 0.037500 0.035937
0 0.510156 0.618750 0.032813 0.031250
0 0.521875 0.646875 0.031250 0.025000
0 0.215625 0.017969 0.034375 0.032813
0 0.224219 0.047656 0.029687 0.026562
0 0.235156 0.081250 0.032813 0.025000
0 0.250000 0.110156 0.031250 0.029687
0 0.259375 0.138281 0.034375 0.029687
0 0.264844 0.167187 0.035937 0.025000
0 0.282813 0.199219 0.031250 0.026562
0 0.301563 0.232813 0.037500 0.031250
0 0.314844 0.268750 0.026562 0.034375
0 0.330469 0.302344 0.035937 0.026562
0 0.342969 0.339844 0.035937 0.032813
0 0.360156 0.375000 0.029687 0.031250
0 0.375781 0.413281 0.039062 0.029687
0 0.384375 0.445312 0.034375 0.021875
0 0.407813 0.477344 0.043750 0.032813
0 0.417969 0.504687 0.035937 0.021875
0 0.428906 0.531250 0.035937 0.031250
0 0.441406 0.567969 0.032813 0.029687
0 0.457813 0.599219 0.031250 0.020313
0 0.474219 0.630469 0.035937 0.032813
0 0.485156 0.658594 0.029687 0.017188
0 0.175781 0.018750 0.039062 0.031250
0 0.185156 0.053906 0.035937 0.035937
0 0.199219 0.085938 0.042188 0.028125
0 0.213281 0.119531 0.035937 0.035937
0 0.228125 0.150781 0.031250 0.026562
0 0.238281 0.181250 0.023438 0.031250
0 0.252344 0.214844 0.035937 0.023438
0 0.269531 0.241406 0.029687 0.023438
0 0.279687 0.275781 0.028125 0.032813
0 0.292187 0.302344 0.028125 0.023438
0 0.295312 0.329688 0.031250 0.031250
0 0.301563 0.357031 0.034375 0.023438
0 0.321094 0.385156 0.042188 0.032813
0 0.332813 0.426563 0.040625 0.043750
0 0.350781 0.458594 0.039062 0.029687
0 0.368750 0.483594 0.034375 0.032813
0 0.375000 0.514062 0.031250 0.028125
0 0.391406 0.539062 0.039062 0.031250
0 0.406250 0.569531 0.034375 0.026562
0 0.414844 0.601562 0.035937 0.021875
0 0.433594 0.628906 0.032813 0.026562
0 0.444531 0.653125 0.032813 0.021875
0 0.134375 0.017188 0.034375 0.028125
0 0.140625 0.045312 0.025000 0.028125
0 0.150000 0.069531 0.031250 0.026562
0 0.161719 0.100000 0.035937 0.028125
0 0.177344 0.133594 0.042188 0.042188
0 0.192969 0.168750 0.042188 0.025000
0 0.201563 0.198437 0.034375 0.028125
0 0.214062 0.228125 0.031250 0.031250
0 0.227344 0.267188 0.039062 0.037500
0 0.242969 0.306250 0.039062 0.034375
0 0.259375 0.342187 0.034375 0.034375
0 0.278125 0.377344 0.034375 0.026562
0 0.289844 0.409375 0.032813 0.025000
0 0.304688 0.442188 0.043750 0.031250
0 0.314063 0.474219 0.031250 0.035937
0 0.337500 0.503906 0.034375 0.029687
0 0.346094 0.534375 0.023438 0.025000
0 0.366406 0.565625 0.032813 0.028125
0 0.383594 0.597656 0.026562 0.029687
0 0.400781 0.633594 0.035937 0.029687
0 0.407813 0.664062 0.037500 0.034375
0 0.090625 0.017969 0.037500 0.026562
0 0.121875 0.060937 0.010000 0.010000
0 0.114844 0.077344 0.045312 0.026562
0 0.101562 0.046875 0.040625 0.028125
0 0.125781 0.105469 0.039062 0.026562
0 0.135937 0.140625 0.034375 0.034375
0 0.152344 0.175781 0.023438 0.029687
0 0.165625 0.210156 0.031250 0.029687
0 0.181250 0.242188 0.031250 0.034375
0 0.195312 0.272656 0.025000 0.029687
0 0.210938 0.303906 0.031250 0.023438
0 0.224219 0.332031 0.035937 0.029687
0 0.245312 0.369531 0.043750 0.032813
0 0.255469 0.407031 0.039062 0.035937
0 0.265625 0.441406 0.034375 0.029687
0 0.282813 0.479687 0.037500 0.031250
0 0.298438 0.514844 0.040625 0.035937
0 0.311719 0.549219 0.032813 0.029687
0 0.332031 0.584375 0.035937 0.034375
0 0.346094 0.617188 0.035937 0.028125
0 0.360156 0.650000 0.035937 0.031250
0 0.369531 0.685937 0.029687 0.034375
0 0.053125 0.016406 0.034375 0.032813
0 0.063281 0.051562 0.032813 0.031250
0 0.067969 0.079687 0.020313 0.018750
0 0.077344 0.107813 0.029687 0.031250
0 0.095312 0.140625 0.031250 0.034375
0 0.116406 0.184375 0.035937 0.040625
0 0.139844 0.227344 0.023438 0.042188
0 0.151562 0.263281 0.034375 0.032813
0 0.167187 0.296094 0.040625 0.029687
0 0.177344 0.326562 0.039062 0.028125
0 0.192188 0.360156 0.037500 0.035937
0 0.205469 0.398438 0.032813 0.034375
0 0.224219 0.437500 0.045312 0.037500
0 0.235156 0.481250 0.042188 0.037500
0 0.257031 0.517188 0.035937 0.034375
0 0.275781 0.556250 0.032813 0.034375
0 0.290625 0.593750 0.037500 0.037500
0 0.300000 0.630469 0.034375 0.026562
0 0.020313 0.017188 0.037500 0.031250
0 0.024219 0.050781 0.039062 0.029687
0 0.035156 0.082031 0.045312 0.026562
0 0.042188 0.108594 0.028125 0.023438
0 0.050000 0.141406 0.034375 0.035937
0 0.067969 0.171875 0.042188 0.037500
0 0.087500 0.210156 0.034375 0.039062
0 0.106250 0.246875 0.043750 0.031250
0 0.117188 0.284375 0.040625 0.037500
0 0.142187 0.321875 0.025000 0.034375
0 0.150781 0.357031 0.032813 0.029687
0 0.164062 0.386719 0.028125 0.026562
0 0.173437 0.423438 0.031250 0.031250
0 0.196875 0.459375 0.037500 0.034375
0 0.206250 0.496875 0.034375 0.031250
0 0.221094 0.528906 0.042188 0.039062
0 0.233594 0.565625 0.042188 0.034375
0 0.253906 0.603125 0.045312 0.040625
0 0.012500 0.104688 0.018750 0.040625
0 0.017969 0.142969 0.026562 0.035937
0 0.034375 0.181250 0.034375 0.040625
0 0.056250 0.217969 0.037500 0.035937
0 0.069531 0.254688 0.032813 0.040625
0 0.079687 0.291406 0.040625 0.026562
0 0.096094 0.328125 0.045312 0.034375
0 0.110156 0.361719 0.045312 0.026562
0 0.122656 0.390625 0.045312 0.034375
0 0.134375 0.429688 0.050000 0.034375
0 0.153125 0.467187 0.050000 0.034375
0 0.172656 0.503906 0.045312 0.035937
0 0.189062 0.539844 0.043750 0.035937
0 0.201563 0.570312 0.028125 0.021875
0 0.213281 0.596875 0.029687 0.028125
0 0.219531 0.621094 0.023438 0.020313
0 0.231250 0.642969 0.034375 0.020313
0 0.016406 0.200000 0.029687 0.043750
0 0.031250 0.241406 0.034375 0.032813
0 0.040625 0.278125 0.031250 0.025000
0 0.053906 0.314063 0.039062 0.037500
0 0.062500 0.348438 0.031250 0.031250
0 0.073438 0.378125 0.046875 0.034375
0 0.084375 0.413281 0.034375 0.029687
0 0.096094 0.444531 0.026562 0.026562
0 0.112500 0.475781 0.037500 0.032813
0 0.124219 0.512500 0.042188 0.031250
0 0.142187 0.544531 0.040625 0.029687
0 0.160938 0.578125 0.043750 0.025000
0 0.173437 0.607812 0.046875 0.028125
0 0.181250 0.631250 0.037500 0.012500
0 0.007812 0.250781 0.012500 0.032813
0 0.012500 0.291406 0.025000 0.032813
0 0.019531 0.325781 0.032813 0.035937
0 0.031250 0.364063 0.031250 0.031250
0 0.040625 0.404687 0.037500 0.034375
0 0.059375 0.438281 0.031250 0.029687
0 0.075000 0.470313 0.037500 0.025000
0 0.084375 0.507031 0.025000 0.042188
0 0.104688 0.540625 0.037500 0.028125
0 0.113281 0.566406 0.032813 0.026562
0 0.132031 0.600000 0.035937 0.028125
0 0.139063 0.628125 0.021875 0.018750
0 0.013281 0.385156 0.020313 0.039062
0 0.018750 0.427344 0.031250 0.039062
0 0.035156 0.471875 0.032813 0.040625
0 0.047656 0.512500 0.039062 0.034375
0 0.067969 0.548438 0.039062 0.034375
0 0.082812 0.581250 0.043750 0.025000
0 0.094531 0.608594 0.029687 0.023438
0 0.107031 0.634375 0.035937 0.018750
0 0.010937 0.482812 0.021875 0.034375
0 0.021094 0.520312 0.035937 0.037500
0 0.032031 0.556250 0.039062 0.037500
0 0.046875 0.590625 0.043750 0.028125
0 0.062500 0.615625 0.031250 0.018750
0 0.014063 0.576562 0.021875 0.050000
0 0.027344 0.621875 0.045312 0.031250
0 0.032813 0.653906 0.046875 0.020313
0 0.042188 0.682031 0.050000 0.029687
0 0.053125 0.709375 0.053125 0.028125
0 0.075000 0.739844 0.043750 0.032813
0 0.088281 0.772656 0.045312 0.029687
0 0.095312 0.803125 0.034375 0.028125
0 0.108594 0.831250 0.029687 0.018750
0 0.119531 0.861719 0.029687 0.029687
0 0.138281 0.896875 0.035937 0.031250
0 0.157031 0.928125 0.042188 0.025000
0 0.161719 0.953906 0.032813 0.026562
0 0.166406 0.975781 0.032813 0.014063
0 0.175781 0.990625 0.029687 0.012500
0 0.014844 0.683594 0.026562 0.039062
0 0.021094 0.717969 0.029687 0.026562
0 0.034375 0.747656 0.028125 0.029687
0 0.048438 0.779687 0.031250 0.034375
0 0.065625 0.811719 0.034375 0.032813
0 0.082812 0.849219 0.031250 0.032813
0 0.090625 0.889062 0.037500 0.031250
0 0.110156 0.921875 0.035937 0.028125
0 0.128906 0.952344 0.032813 0.023438
0 0.139063 0.982812 0.031250 0.031250
0 0.019531 0.795312 0.035937 0.034375
0 0.017188 0.757031 0.025000 0.048438
0 0.030469 0.827344 0.035937 0.035937
0 0.041406 0.857031 0.042188 0.026562
0 0.055469 0.888281 0.039062 0.032813
0 0.069531 0.917188 0.039062 0.028125
0 0.084375 0.945312 0.043750 0.021875
0 0.097656 0.971875 0.039062 0.021875
0 0.105469 0.988281 0.032813 0.014063
0 0.013281 0.848437 0.020313 0.040625
0 0.022656 0.890625 0.039062 0.037500
0 0.035156 0.931250 0.045312 0.034375
0 0.049219 0.959375 0.029687 0.021875
0 0.058594 0.984375 0.039062 0.025000
0 0.013281 0.953906 0.023438 0.042188
0 0.020313 0.982031 0.031250 0.029687
0 0.066406 0.639062 0.026562 0.025000
0 0.079687 0.661719 0.028125 0.020313
0 0.091406 0.689063 0.032813 0.031250
0 0.106250 0.721094 0.028125 0.029687
0 0.118750 0.747656 0.028125 0.026562
0 0.135156 0.780469 0.032813 0.032813
0 0.146094 0.815625 0.039062 0.031250
0 0.158594 0.848437 0.045312 0.025000
0 0.172656 0.880469 0.042188 0.032813
0 0.176563 0.908594 0.028125 0.020313
0 0.196875 0.929688 0.034375 0.018750
0 0.208594 0.955469 0.029687 0.026562
0 0.186719 0.957812 0.010000 0.028125
0 0.195312 0.982031 0.021875 0.023438
0 0.223438 0.982031 0.028125 0.023438
0 0.120313 0.657031 0.040625 0.023438
0 0.127344 0.687500 0.032813 0.025000
0 0.142187 0.718750 0.037500 0.031250
0 0.156250 0.750781 0.040625 0.023438
0 0.171094 0.784375 0.032813 0.031250
0 0.182031 0.814063 0.035937 0.028125
0 0.200000 0.841406 0.031250 0.023438
0 0.208594 0.868750 0.032813 0.025000
0 0.217188 0.896875 0.031250 0.021875
0 0.223438 0.921875 0.025000 0.028125
0 0.232031 0.948438 0.029687 0.021875
0 0.242188 0.965625 0.040625 0.012500
0 0.256250 0.985156 0.037500 0.023438
0 0.159375 0.648438 0.043750 0.021875
0 0.168750 0.675781 0.043750 0.026562
0 0.175781 0.700781 0.045312 0.026562
0 0.186719 0.731250 0.039062 0.028125
0 0.192969 0.756250 0.029687 0.021875
0 0.203125 0.778125 0.028125 0.021875
0 0.215625 0.808594 0.040625 0.032813
0 0.227344 0.836719 0.035937 0.032813
0 0.231250 0.868750 0.031250 0.025000
0 0.251563 0.895312 0.028125 0.031250
0 0.258594 0.925781 0.042188 0.026562
0 0.267188 0.950781 0.040625 0.029687
0 0.282031 0.975781 0.048438 0.020313
0 0.296094 0.989062 0.039062 0.018750
0 0.203125 0.654687 0.034375 0.028125
0 0.215625 0.686719 0.034375 0.032813
0 0.219531 0.715625 0.035937 0.021875
0 0.231250 0.740625 0.034375 0.021875
0 0.239063 0.765625 0.043750 0.025000
0 0.255469 0.794531 0.042188 0.026562
0 0.268750 0.826562 0.040625 0.031250
0 0.284375 0.857812 0.043750 0.031250
0 0.296875 0.882031 0.043750 0.017188
0 0.296094 0.903125 0.042188 0.028125
0 0.309375 0.932031 0.037500 0.035937
0 0.320312 0.957031 0.034375 0.026562
0 0.334375 0.981250 0.034375 0.025000
0 0.246094 0.671875 0.039062 0.028125
0 0.259375 0.702344 0.043750 0.029687
0 0.267188 0.735938 0.043750 0.034375
0 0.281250 0.768750 0.046875 0.034375
0 0.301563 0.810156 0.043750 0.045312
0 0.316406 0.850781 0.054688 0.032813
0 0.333594 0.886719 0.045312 0.029687
0 0.349219 0.920312 0.042188 0.031250
0 0.359375 0.950000 0.050000 0.028125
0 0.371875 0.980469 0.046875 0.032813
0 0.264844 0.642969 0.042188 0.026562
0 0.289062 0.677344 0.037500 0.032813
0 0.301563 0.711719 0.046875 0.035937
0 0.322656 0.750781 0.048438 0.029687
0 0.336719 0.788281 0.042188 0.032813
0 0.349219 0.825781 0.035937 0.026562
0 0.362500 0.854688 0.040625 0.028125
0 0.378125 0.884375 0.037500 0.034375
0 0.388281 0.917188 0.039062 0.028125
0 0.398438 0.946094 0.037500 0.026562
0 0.412500 0.978906 0.037500 0.032813
0 0.315625 0.657031 0.043750 0.032813
0 0.337500 0.695312 0.037500 0.040625
0 0.353125 0.731250 0.040625 0.034375
0 0.366406 0.764062 0.039062 0.028125
0 0.383594 0.794531 0.039062 0.026562
0 0.392969 0.826562 0.042188 0.034375
0 0.408594 0.858594 0.032813 0.026562
0 0.424219 0.888281 0.042188 0.032813
0 0.435156 0.922656 0.042188 0.032813
0 0.442969 0.950000 0.045312 0.025000
0 0.454688 0.980469 0.046875 0.029687
0 0.390625 0.711719 0.043750 0.032813
0 0.395313 0.740625 0.025000 0.021875
0 0.412500 0.767188 0.040625 0.034375
0 0.429688 0.799219 0.028125 0.035937
0 0.439063 0.834375 0.031250 0.031250
0 0.455469 0.862500 0.042188 0.031250
0 0.467187 0.894531 0.037500 0.029687
0 0.479687 0.921094 0.037500 0.017188
0 0.494531 0.953906 0.051562 0.032813
0 0.504687 0.985156 0.050000 0.026562
0 0.420312 0.698438 0.037500 0.031250
0 0.428906 0.728125 0.039062 0.031250
0 0.442188 0.757812 0.056250 0.025000
0 0.460938 0.791406 0.037500 0.035937
0 0.475781 0.826562 0.039062 0.031250
0 0.492969 0.861719 0.032813 0.035937
0 0.508594 0.902344 0.035937 0.039062
0 0.521094 0.935156 0.042188 0.026562
0 0.539844 0.960938 0.039062 0.028125
0 0.551562 0.986719 0.037500 0.023438
0 0.453906 0.683594 0.039062 0.032813
0 0.467187 0.711719 0.046875 0.026562
0 0.482031 0.740625 0.035937 0.031250
0 0.494531 0.775781 0.039062 0.039062
0 0.507031 0.811719 0.035937 0.029687
0 0.521875 0.842969 0.037500 0.032813
0 0.529687 0.875781 0.040625 0.029687
0 0.549219 0.900000 0.045312 0.025000
0 0.560937 0.932813 0.040625 0.040625
0 0.577344 0.960938 0.039062 0.021875
0 0.586719 0.985156 0.042188 0.023438
0 0.502344 0.689844 0.045312 0.035937
0 0.520312 0.722656 0.037500 0.026562
0 0.526563 0.755469 0.040625 0.032813
0 0.537500 0.782813 0.043750 0.025000
0 0.550000 0.815625 0.043750 0.031250
0 0.559375 0.848437 0.050000 0.028125
0 0.573438 0.875781 0.046875 0.023438
0 0.585938 0.898438 0.028125 0.021875
0 0.596094 0.924219 0.045312 0.023438
0 0.610156 0.946094 0.039062 0.026562
0 0.625000 0.971875 0.025000 0.021875
0 0.632812 0.985938 0.034375 0.018750
0 0.535156 0.671094 0.039062 0.023438
0 0.545312 0.700781 0.034375 0.029687
0 0.553906 0.728906 0.039062 0.029687
0 0.568750 0.757812 0.043750 0.028125
0 0.590625 0.787500 0.050000 0.034375
0 0.599219 0.824219 0.039062 0.035937
0 0.616406 0.854688 0.045312 0.028125
0 0.623437 0.886719 0.056250 0.035937
0 0.646875 0.919531 0.053125 0.029687
0 0.656250 0.945312 0.050000 0.021875
0 0.663281 0.967969 0.042188 0.029687
0 0.674219 0.986719 0.042188 0.020313
0 0.572656 0.670312 0.032813 0.031250
0 0.592187 0.703906 0.040625 0.029687
0 0.599219 0.729688 0.042188 0.025000
0 0.618750 0.762500 0.037500 0.034375
0 0.630469 0.792188 0.035937 0.028125
0 0.646875 0.822656 0.046875 0.020313
0 0.653125 0.846875 0.037500 0.021875
0 0.666406 0.870313 0.039062 0.025000
0 0.678125 0.899219 0.046875 0.032813
0 0.692969 0.925781 0.042188 0.023438
0 0.703125 0.951562 0.040625 0.025000
0 0.709375 0.971875 0.040625 0.018750
0 0.717187 0.989062 0.031250 0.018750
0 0.632812 0.701562 0.040625 0.034375
0 0.650000 0.735156 0.046875 0.029687
0 0.660937 0.764062 0.046875 0.025000
0 0.678125 0.795312 0.043750 0.037500
0 0.691406 0.828125 0.035937 0.037500
0 0.709375 0.860156 0.043750 0.032813
0 0.725781 0.889844 0.042188 0.026562
0 0.732812 0.917969 0.037500 0.023438
0 0.738281 0.943750 0.039062 0.021875
0 0.750000 0.967969 0.046875 0.026562
0 0.758594 0.989844 0.042188 0.017188
0 0.673438 0.685937 0.037500 0.034375
0 0.683594 0.719531 0.039062 0.032813
0 0.699219 0.752344 0.035937 0.029687
0 0.706250 0.780469 0.043750 0.035937
0 0.719531 0.813281 0.032813 0.032813
0 0.739062 0.846094 0.046875 0.039062
0 0.757812 0.882031 0.037500 0.035937
0 0.771094 0.914844 0.042188 0.029687
0 0.782813 0.953125 0.043750 0.031250
0 0.802344 0.983594 0.039062 0.029687
0 0.721094 0.699219 0.045312 0.032813
0 0.730469 0.733594 0.039062 0.026562
0 0.750000 0.763281 0.046875 0.026562
0 0.760938 0.789844 0.059375 0.026562
0 0.768750 0.819531 0.046875 0.029687
0 0.788281 0.854688 0.057813 0.028125
0 0.806250 0.884375 0.053125 0.034375
0 0.820312 0.916406 0.053125 0.032813
0 0.830469 0.942969 0.048438 0.023438
0 0.844531 0.967969 0.042188 0.020313
0 0.849219 0.989062 0.048438 0.018750
0 0.762500 0.697656 0.040625 0.032813
0 0.771094 0.729688 0.035937 0.028125
0 0.783594 0.756250 0.032813 0.025000
0 0.800000 0.778906 0.015625 0.026562
0 0.807031 0.805469 0.032813 0.029687
0 0.823438 0.839844 0.034375 0.032813
0 0.840625 0.878906 0.043750 0.035937
0 0.857031 0.914062 0.039062 0.031250
0 0.876563 0.942187 0.034375 0.025000
0 0.884375 0.966406 0.037500 0.023438
0 0.892969 0.987500 0.035937 0.021875
0 0.802344 0.696094 0.035937 0.029687
0 0.811719 0.729688 0.045312 0.031250
0 0.824219 0.758594 0.045312 0.020313
0 0.838281 0.781250 0.042188 0.021875
0 0.848437 0.807031 0.043750 0.029687
0 0.860938 0.835156 0.040625 0.023438
0 0.872656 0.857812 0.039062 0.025000
0 0.884375 0.886719 0.031250 0.029687
0 0.903125 0.915625 0.037500 0.028125
0 0.912500 0.942969 0.040625 0.023438
0 0.925000 0.963281 0.037500 0.023438
0 0.933594 0.986719 0.042188 0.020313
0 0.838281 0.675000 0.039062 0.025000
0 0.848437 0.705469 0.034375 0.026562
0 0.857031 0.734375 0.032813 0.031250
0 0.867188 0.761719 0.025000 0.023438
0 0.875781 0.783594 0.020313 0.026562
0 0.889844 0.811719 0.035937 0.032813
0 0.901563 0.845313 0.028125 0.025000
0 0.916406 0.871094 0.035937 0.026562
0 0.928906 0.899219 0.045312 0.032813
0 0.944531 0.931250 0.035937 0.031250
0 0.953906 0.960156 0.035937 0.026562
0 0.968750 0.982812 0.031250 0.028125
0 0.870313 0.666406 0.031250 0.026562
0 0.878125 0.694531 0.050000 0.035937
0 0.893750 0.732031 0.046875 0.029687
0 0.906250 0.764062 0.050000 0.031250
0 0.915625 0.795312 0.053125 0.028125
0 0.936719 0.825781 0.045312 0.032813
0 0.948438 0.857031 0.037500 0.023438
0 0.961719 0.882031 0.042188 0.023438
0 0.975000 0.904687 0.040625 0.025000
0 0.981250 0.931250 0.028125 0.021875
0 0.983594 0.950781 0.020313 0.014063
0 0.992969 0.967187 0.010000 0.046875
0 0.921094 0.691406 0.032813 0.029687
0 0.933594 0.722656 0.045312 0.035937
0 0.939844 0.753125 0.026562 0.021875
0 0.954688 0.779687 0.037500 0.034375
0 0.962500 0.807813 0.037500 0.025000
0 0.978906 0.832812 0.039062 0.025000
0 0.985156 0.864062 0.026562 0.031250
0 0.992188 0.884375 0.010000 0.018750
0 0.940625 0.633594 0.018750 0.023438
0 0.947656 0.664062 0.032813 0.034375
0 0.960938 0.692969 0.031250 0.029687
0 0.967187 0.720313 0.025000 0.028125
0 0.979688 0.743750 0.031250 0.021875
0 0.978906 0.765625 0.032813 0.028125
0 0.988281 0.792188 0.020313 0.021875
0 0.979688 0.655469 0.034375 0.029687
0 0.985938 0.685937 0.021875 0.025000
0 0.990625 0.709375 0.012500 0.015625
