0 0.979688 0.014844 0.031250 0.023438
0 0.986719 0.038281 0.023438 0.023438
0 0.990625 0.067969 0.015625 0.035937
0 0.940625 0.016406 0.046875 0.032813
0 0.951562 0.046875 0.043750 0.028125
0 0.967969 0.075000 0.026562 0.025000
0 0.975781 0.100000 0.026562 0.018750
0 0.983594 0.117188 0.029687 0.025000
0 0.988281 0.144531 0.020313 0.026562
0 0.892969 0.014844 0.048438 0.026562
0 0.901563 0.040625 0.046875 0.025000
0 0.913281 0.064844 0.048438 0.023438
0 0.925781 0.087500 0.042188 0.025000
0 0.941406 0.111719 0.029687 0.020313
0 0.953906 0.140625 0.039062 0.034375
0 0.963281 0.166406 0.039062 0.017188
0 0.974219 0.193750 0.032813 0.034375
0 0.992188 0.182812 0.010000 0.028125
0 0.850781 0.020313 0.045312 0.034375
0 0.860156 0.050000 0.039062 0.031250
0 0.874219 0.081250 0.042188 0.031250
0 0.890625 0.110937 0.043750 0.028125
0 0.900781 0.136719 0.039062 0.026562
0 0.921094 0.165625 0.035937 0.025000
0 0.931250 0.192969 0.037500 0.029687
0 0.946094 0.224219 0.045312 0.029687
0 0.954688 0.253125 0.043750 0.037500
0 0.974219 0.280469 0.045312 0.026562
0 0.981250 0.308594 0.034375 0.032813
0 0.987500 0.338281 0.021875 0.026562
0 0.992969 0.359375 0.010000 0.012500
0 0.986719 0.227344 0.023438 0.029687
0 0.987500 0.253906 0.021875 0.029687
0 0.803906 0.014063 0.045312 0.025000
0 0.816406 0.041406 0.032813 0.032813
0 0.827344 0.071875 0.029687 0.025000
0 0.842969 0.100000 0.032813 0.021875
0 0.857812 0.125781 0.040625 0.029687
0 0.868750 0.153125 0.043750 0.021875
0 0.885938 0.184375 0.043750 0.031250
0 0.897656 0.217188 0.039062 0.028125
0 0.913281 0.248438 0.039062 0.028125
0 0.923438 0.278906 0.040625 0.029687
0 0.939063 0.303906 0.040625 0.029687
0 0.951562 0.332813 0.040625 0.025000
0 0.965625 0.361719 0.046875 0.029687
0 0.978125 0.389062 0.034375 0.028125
0 0.988281 0.419531 0.020313 0.035937
0 0.757812 0.013281 0.043750 0.026562
0 0.774219 0.042188 0.042188 0.034375
0 0.787500 0.075000 0.040625 0.031250
0 0.805469 0.105469 0.045312 0.026562
0 0.825781 0.137500 0.032813 0.031250
0 0.834375 0.168750 0.034375 0.028125
0 0.838281 0.199219 0.035937 0.032813
0 0.862500 0.228906 0.040625 0.023438
0 0.876563 0.257812 0.043750 0.028125
0 0.886719 0.288281 0.048438 0.026562
0 0.900000 0.312500 0.040625 0.028125
0 0.914844 0.339844 0.039062 0.023438
0 0.926562 0.366406 0.043750 0.032813
0 0.942187 0.395313 0.040625 0.028125
0 0.957031 0.422656 0.042188 0.026562
0 0.972656 0.448437 0.048438 0.018750
0 0.978125 0.465625 0.037500 0.028125
0 0.985156 0.495312 0.023438 0.034375
0 0.739844 0.054688 0.039062 0.046875
0 0.757812 0.097656 0.034375 0.039062
0 0.778906 0.141406 0.048438 0.035937
0 0.790625 0.175000 0.050000 0.043750
0 0.808594 0.209375 0.042188 0.028125
0 0.825000 0.233594 0.031250 0.026562
0 0.835156 0.257031 0.035937 0.023438
0 0.846875 0.278125 0.037500 0.021875
0 0.859375 0.303125 0.043750 0.028125
0 0.869531 0.333594 0.035937 0.032813
0 0.890625 0.359375 0.037500 0.028125
0 0.904687 0.391406 0.031250 0.035937
0 0.920312 0.422656 0.037500 0.026562
0 0.933594 0.450000 0.042188 0.025000
0 0.946094 0.482031 0.042188 0.029687
0 0.960156 0.512500 0.042188 0.028125
0 0.978125 0.546875 0.037500 0.043750
0 0.676562 0.016406 0.043750 0.029687
0 0.689844 0.039844 0.042188 0.029687
0 0.703125 0.070312 0.040625 0.028125
0 0.717969 0.098437 0.051562 0.031250
0 0.729688 0.125781 0.043750 0.023438
0 0.740625 0.154688 0.040625 0.034375
0 0.748437 0.182031 0.031250 0.026562
0 0.760156 0.207813 0.032813 0.025000
0 0.778125 0.235937 0.043750 0.031250
0 0.793750 0.270313 0.046875 0.037500
0 0.807813 0.302344 0.053125 0.026562
0 0.821875 0.332813 0.053125 0.028125
0 0.844531 0.360156 0.064062 0.023438
0 0.858594 0.387500 0.051562 0.031250
0 0.874219 0.419531 0.051562 0.026562
0 0.886719 0.446094 0.048438 0.029687
0 0.903906 0.478125 0.048438 0.028125
0 0.915625 0.504687 0.053125 0.034375
0 0.932031 0.538281 0.045312 0.029687
0 0.945312 0.567187 0.050000 0.025000
0 0.957812 0.598437 0.043750 0.037500
0 0.985938 0.587500 0.025000 0.037500
0 0.639062 0.018750 0.043750 0.034375
0 0.653906 0.044531 0.042188 0.035937
0 0.664062 0.067969 0.046875 0.026562
0 0.671875 0.095312 0.043750 0.040625
0 0.688281 0.125781 0.042188 0.032813
0 0.701562 0.157031 0.043750 0.039062
0 0.718750 0.188281 0.031250 0.032813
0 0.733594 0.217969 0.029687 0.023438
0 0.749219 0.250000 0.035937 0.031250
0 0.760156 0.282031 0.032813 0.032813
0 0.782031 0.308594 0.035937 0.029687
0 0.790625 0.335156 0.037500 0.029687
0 0.806250 0.364063 0.040625 0.031250
0 0.820312 0.394531 0.031250 0.032813
0 0.839844 0.423438 0.042188 0.034375
0 0.842969 0.446875 0.039062 0.025000
0 0.859375 0.475781 0.037500 0.039062
0 0.878906 0.512500 0.032813 0.037500
0 0.891406 0.541406 0.039062 0.029687
0 0.902344 0.566406 0.035937 0.032813
0 0.917969 0.596094 0.035937 0.035937
0 0.592969 0.014844 0.051562 0.029687
0 0.609375 0.046094 0.046875 0.026562
0 0.619531 0.078125 0.042188 0.034375
0 0.633594 0.107031 0.045312 0.026562
0 0.653125 0.138281 0.046875 0.032813
0 0.670312 0.170313 0.050000 0.031250
0 0.689063 0.201563 0.046875 0.034375
0 0.706250 0.230469 0.040625 0.026562
0 0.721875 0.258594 0.040625 0.035937
0 0.733594 0.296875 0.035937 0.034375
0 0.752344 0.328906 0.045312 0.029687
0 0.770312 0.359375 0.046875 0.028125
0 0.782813 0.390625 0.050000 0.037500
0 0.796094 0.428906 0.042188 0.032813
0 0.817969 0.463281 0.048438 0.032813
0 0.835156 0.499219 0.054688 0.029687
0 0.844531 0.529687 0.045312 0.028125
0 0.882031 0.574219 0.010000 0.010000
0 0.859375 0.562500 0.046875 0.031250
0 0.878125 0.589063 0.043750 0.021875
0 0.888281 0.617969 0.039062 0.029687
0 0.552344 0.012500 0.048438 0.021875
0 0.563281 0.037500 0.035937 0.034375
0 0.575781 0.067187 0.032813 0.034375
0 0.589063 0.097656 0.037500 0.023438
0 0.603906 0.121094 0.042188 0.026562
0 0.620313 0.150000 0.050000 0.028125
0 0.635156 0.179688 0.054688 0.037500
0 0.647656 0.209375 0.045312 0.031250
0 0.670312 0.235937 0.053125 0.021875
0 0.682031 0.264062 0.045312 0.043750
0 0.693750 0.301563 0.043750 0.028125
0 0.716406 0.337500 0.045312 0.031250
0 0.727344 0.364063 0.042188 0.028125
0 0.740625 0.396875 0.043750 0.037500
0 0.753906 0.433594 0.045312 0.032813
0 0.772656 0.466406 0.045312 0.032813
0 0.785156 0.499219 0.039062 0.029687
0 0.795312 0.527344 0.040625 0.026562
0 0.808594 0.556250 0.048438 0.028125
0 0.834375 0.586719 0.053125 0.029687
0 0.838281 0.614844 0.051562 0.029687
0 0.509375 0.015625 0.040625 0.028125
0 0.525000 0.042188 0.043750 0.031250
0 0.537500 0.074219 0.037500 0.026562
0 0.552344 0.102344 0.032813 0.032813
0 0.567187 0.127344 0.040625 0.026562
0 0.582031 0.151562 0.042188 0.025000
0 0.590625 0.178906 0.043750 0.026562
0 0.603125 0.204687 0.040625 0.028125
0 0.615625 0.234375 0.043750 0.025000
0 0.636719 0.260937 0.051562 0.031250
0 0.650000 0.295312 0.043750 0.031250
0 0.668750 0.332031 0.043750 0.035937
0 0.685156 0.367969 0.048438 0.039062
0 0.696875 0.403906 0.043750 0.032813
0 0.710938 0.435937 0.046875 0.031250
0 0.731250 0.468750 0.037500 0.028125
0 0.741406 0.503125 0.045312 0.034375
0 0.757031 0.537500 0.051562 0.037500
0 0.773438 0.570312 0.040625 0.028125
0 0.789062 0.599219 0.037500 0.026562
0 0.800781 0.625000 0.039062 0.025000
0 0.470313 0.011719 0.040625 0.020313
0 0.480469 0.037500 0.042188 0.025000
0 0.489844 0.064844 0.035937 0.032813
0 0.502344 0.091406 0.042188 0.029687
0 0.512500 0.118750 0.037500 0.031250
0 0.526563 0.149219 0.050000 0.029687
0 0.541406 0.180469 0.042188 0.032813
0 0.557031 0.208594 0.048438 0.029687
0 0.575000 0.239844 0.043750 0.026562
0 0.588281 0.268750 0.045312 0.031250
0 0.605469 0.303906 0.057813 0.035937
0 0.623437 0.339062 0.050000 0.034375
0 0.637500 0.376563 0.046875 0.040625
0 0.655469 0.410938 0.039062 0.031250
0 0.676562 0.440625 0.043750 0.025000
0 0.693750 0.471094 0.037500 0.035937
0 0.706250 0.503125 0.031250 0.031250
0 0.719531 0.530469 0.032813 0.023438
0 0.732812 0.555469 0.040625 0.032813
0 0.743750 0.582031 0.040625 0.023438
0 0.757812 0.603906 0.043750 0.029687
0 0.426563 0.014063 0.043750 0.028125
0 0.440625 0.039844 0.046875 0.029687
0 0.446875 0.064844 0.040625 0.029687
0 0.467969 0.100000 0.039062 0.037500
0 0.478906 0.133594 0.039062 0.023438
0 0.495312 0.162500 0.037500 0.034375
0 0.514844 0.190625 0.039062 0.031250
0 0.517188 0.221875 0.046875 0.028125
0 0.539062 0.249219 0.046875 0.029687
0 0.557813 0.275781 0.040625 0.032813
0 0.572656 0.310937 0.039062 0.040625
0 0.587500 0.347656 0.034375 0.026562
0 0.603906 0.381250 0.042188 0.037500
0 0.621875 0.414844 0.034375 0.035937
0 0.638281 0.447656 0.045312 0.035937
0 0.653906 0.480469 0.048438 0.035937
0 0.668750 0.514062 0.046875 0.031250
0 0.687500 0.545312 0.050000 0.034375
0 0.701562 0.576562 0.050000 0.037500
0 0.723437 0.613281 0.046875 0.035937
0 0.735156 0.645312 0.039062 0.025000
0 0.382812 0.010937 0.050000 0.021875
0 0.387500 0.034375 0.034375 0.031250
0 0.405469 0.060156 0.039062 0.035937
0 0.415625 0.092969 0.037500 0.035937
0 0.438281 0.129688 0.045312 0.031250
0 0.453906 0.164062 0.042188 0.034375
0 0.471094 0.199219 0.045312 0.032813
0 0.486719 0.234375 0.045312 0.034375
0 0.504687 0.266406 0.046875 0.029687
0 0.517969 0.293750 0.045312 0.028125
0 0.537500 0.327344 0.046875 0.032813
0 0.549219 0.359375 0.045312 0.028125
0 0.566406 0.392969 0.042188 0.032813
0 0.586719 0.423438 0.042188 0.028125
0 0.596875 0.457031 0.053125 0.032813
0 0.616406 0.492188 0.042188 0.028125
0 0.629687 0.521094 0.040625 0.026562
0 0.646094 0.552344 0.042188 0.032813
0 0.662500 0.587500 0.043750 0.031250
0 0.672656 0.615625 0.042188 0.025000
0 0.686719 0.642969 0.048438 0.026562
0 0.339062 0.013281 0.037500 0.026562
0 0.355469 0.042188 0.035937 0.028125
0 0.367188 0.070312 0.037500 0.028125
0 0.378125 0.091406 0.043750 0.020313
0 0.389844 0.114844 0.039062 0.023438
0 0.403125 0.138281 0.037500 0.023438
0 0.412500 0.169531 0.040625 0.026562
0 0.427344 0.195312 0.045312 0.021875
0 0.436719 0.221875 0.045312 0.028125
0 0.455469 0.255469 0.045312 0.032813
0 0.472656 0.291406 0.051562 0.032813
0 0.492188 0.325000 0.050000 0.034375
0 0.506250 0.357812 0.040625 0.031250
0 0.521094 0.392188 0.048438 0.028125
0 0.539844 0.425000 0.048438 0.037500
0 0.559375 0.467187 0.053125 0.037500
0 0.575000 0.504687 0.050000 0.034375
0 0.592187 0.539844 0.053125 0.032813
0 0.611719 0.572656 0.054688 0.029687
0 0.623437 0.600781 0.050000 0.029687
0 0.639062 0.628125 0.053125 0.025000
0 0.651563 0.655469 0.043750 0.026562
0 0.305469 0.015625 0.035937 0.025000
0 0.320312 0.047656 0.043750 0.035937
0 0.333594 0.084375 0.035937 0.034375
0 0.351562 0.120313 0.050000 0.031250
0 0.370312 0.150000 0.037500 0.028125
0 0.388281 0.177344 0.023438 0.029687
0 0.395313 0.203906 0.028125 0.029687
0 0.410938 0.235156 0.037500 0.032813
0 0.426563 0.264844 0.028125 0.029687
0 0.443750 0.292969 0.031250 0.032813
0 0.453906 0.325000 0.032813 0.031250
0 0.471094 0.357031 0.029687 0.039062
0 0.484375 0.395313 0.037500 0.040625
0 0.498437 0.428906 0.043750 0.029687
0 0.514062 0.459375 0.046875 0.037500
0 0.528906 0.493750 0.042188 0.034375
0 0.542969 0.530469 0.039062 0.039062
0 0.557813 0.565625 0.046875 0.031250
0 0.576562 0.596875 0.046875 0.034375
0 0.267969 0.013281 0.051562 0.026562
0 0.278125 0.041406 0.046875 0.032813
0 0.287500 0.071875 0.043750 0.031250
0 0.303906 0.101562 0.039062 0.031250
0 0.316406 0.131250 0.042188 0.028125
0 0.335938 0.158594 0.037500 0.026562
0 0.350781 0.185938 0.048438 0.031250
0 0.361719 0.214844 0.035937 0.035937
0 0.375000 0.250000 0.046875 0.034375
0 0.394531 0.282813 0.054688 0.028125
0 0.410156 0.314063 0.048438 0.034375
0 0.429688 0.352344 0.053125 0.039062
0 0.446875 0.392969 0.053125 0.035937
0 0.462500 0.428125 0.040625 0.031250
0 0.478906 0.461719 0.042188 0.035937
0 0.496875 0.500000 0.050000 0.037500
0 0.505469 0.533594 0.039062 0.029687
0 0.521875 0.575000 0.037500 0.037500
0 0.541406 0.607812 0.042188 0.028125
0 0.557813 0.638281 0.040625 0.029687
0 0.590625 0.628906 0.046875 0.029687
0 0.607812 0.655469 0.037500 0.023438
0 0.567969 0.660937 0.042188 0.018750
0 0.232031 0.022656 0.017188 0.010000
0 0.224219 0.014844 0.035937 0.026562
0 0.232813 0.041406 0.040625 0.026562
0 0.240625 0.065625 0.037500 0.021875
0 0.249219 0.087500 0.042188 0.025000
0 0.264062 0.114844 0.040625 0.032813
0 0.275000 0.142187 0.046875 0.028125
0 0.297656 0.175000 0.051562 0.037500
0 0.316406 0.213281 0.045312 0.035937
0 0.332813 0.249219 0.050000 0.035937
0 0.346094 0.278906 0.042188 0.026562
0 0.363281 0.314063 0.039062 0.040625
0 0.381250 0.348438 0.050000 0.031250
0 0.400000 0.382031 0.043750 0.035937
0 0.416406 0.423438 0.042188 0.040625
0 0.435156 0.460156 0.051562 0.039062
0 0.453125 0.496094 0.043750 0.039062
0 0.466406 0.530469 0.039062 0.032813
0 0.479687 0.564844 0.040625 0.035937
0 0.496094 0.594531 0.039062 0.026562
0 0.512500 0.625781 0.040625 0.032813
0 0.523438 0.654687 0.037500 0.025000
0 0.182812 0.017188 0.046875 0.031250
0 0.189844 0.047656 0.042188 0.026562
0 0.203125 0.079687 0.037500 0.031250
0 0.221094 0.110937 0.035937 0.037500
0 0.235937 0.145313 0.040625 0.031250
0 0.245312 0.176563 0.050000 0.031250
0 0.269531 0.207813 0.048438 0.028125
0 0.281250 0.241406 0.050000 0.032813
0 0.295312 0.275000 0.043750 0.031250
0 0.314063 0.307031 0.050000 0.029687
0 0.330469 0.336719 0.039062 0.029687
0 0.348438 0.371094 0.040625 0.029687
0 0.362500 0.399219 0.046875 0.029687
0 0.377344 0.433594 0.045312 0.032813
0 0.392969 0.467187 0.045312 0.031250
0 0.412500 0.501563 0.056250 0.031250
0 0.425781 0.532813 0.045312 0.028125
0 0.442188 0.564844 0.043750 0.032813
0 0.452344 0.600000 0.051562 0.028125
0 0.473438 0.628125 0.062500 0.028125
0 0.475781 0.655469 0.051562 0.026562
0 0.144531 0.013281 0.045312 0.026562
0 0.148438 0.039844 0.034375 0.026562
0 0.158594 0.067187 0.039062 0.025000
0 0.167187 0.095312 0.037500 0.031250
0 0.185938 0.126562 0.037500 0.031250
0 0.198437 0.162500 0.028125 0.037500
0 0.211719 0.194531 0.042188 0.029687
0 0.232031 0.226562 0.035937 0.028125
0 0.247656 0.254688 0.035937 0.025000
0 0.262500 0.283594 0.040625 0.026562
0 0.272656 0.312500 0.039062 0.031250
0 0.292969 0.348438 0.051562 0.040625
0 0.309375 0.383594 0.046875 0.032813
0 0.336719 0.421875 0.048438 0.031250
0 0.347656 0.457813 0.042188 0.040625
0 0.364844 0.493750 0.035937 0.031250
0 0.378125 0.525000 0.034375 0.025000
0 0.392969 0.557031 0.045312 0.042188
0 0.403906 0.593750 0.042188 0.037500
0 0.422656 0.629687 0.048438 0.034375
0 0.430469 0.661719 0.039062 0.032813
0 0.098437 0.014844 0.046875 0.026562
0 0.049219 0.019531 0.048438 0.035937
0 0.005469 0.025781 0.010937 0.048438
0 0.021875 0.029687 0.034375 0.043750
0 0.114062 0.049219 0.043750 0.029687
0 0.121875 0.080469 0.037500 0.035937
0 0.138281 0.117188 0.048438 0.025000
0 0.150781 0.145313 0.035937 0.031250
0 0.164844 0.173437 0.051562 0.028125
0 0.175000 0.202344 0.040625 0.032813
0 0.190625 0.228906 0.053125 0.020313
0 0.214062 0.256250 0.043750 0.031250
0 0.229687 0.292969 0.043750 0.032813
0 0.242188 0.326562 0.043750 0.034375
0 0.259375 0.360156 0.056250 0.026562
0 0.273438 0.392188 0.053125 0.034375
0 0.289844 0.423438 0.045312 0.028125
0 0.305469 0.458594 0.042188 0.039062
0 0.321875 0.496875 0.056250 0.034375
0 0.333594 0.527344 0.048438 0.029687
0 0.068750 0.055469 0.046875 0.026562
0 0.085938 0.089063 0.037500 0.040625
0 0.100781 0.128906 0.039062 0.039062
0 0.118750 0.162500 0.034375 0.031250
0 0.137500 0.200000 0.037500 0.034375
0 0.155469 0.235937 0.032813 0.034375
0 0.175000 0.271875 0.037500 0.031250
0 0.192188 0.307031 0.031250 0.029687
0 0.205469 0.339844 0.035937 0.032813
0 0.223438 0.377344 0.043750 0.032813
0 0.235937 0.410156 0.040625 0.029687
0 0.253125 0.439063 0.040625 0.031250
0 0.271875 0.470313 0.037500 0.031250
0 0.277344 0.501563 0.039062 0.034375
0 0.293750 0.535937 0.034375 0.031250
0 0.316406 0.567969 0.045312 0.029687
0 0.332031 0.598437 0.048438 0.034375
0 0.350000 0.629687 0.040625 0.034375
0 0.350781 0.559375 0.032813 0.034375
0 0.368750 0.595313 0.037500 0.031250
0 0.382812 0.629687 0.031250 0.034375
0 0.360156 0.660156 0.042188 0.023438
0 0.399219 0.658594 0.026562 0.020313
0 0.036719 0.067187 0.042188 0.031250
0 0.046875 0.101562 0.040625 0.034375
0 0.062500 0.133594 0.040625 0.029687
0 0.078906 0.166406 0.039062 0.035937
0 0.097656 0.200000 0.045312 0.028125
0 0.116406 0.228125 0.048438 0.025000
0 0.120313 0.254688 0.050000 0.031250
0 0.144531 0.285938 0.042188 0.028125
0 0.159375 0.317969 0.037500 0.032813
0 0.177344 0.356250 0.042188 0.040625
0 0.196094 0.400000 0.042188 0.031250
0 0.209375 0.431250 0.034375 0.031250
0 0.220312 0.463281 0.040625 0.026562
0 0.242969 0.495312 0.042188 0.034375
0 0.257812 0.522656 0.037500 0.026562
0 0.267969 0.562500 0.042188 0.037500
0 0.288281 0.600000 0.057813 0.040625
0 0.296875 0.631250 0.050000 0.025000
0 0.306250 0.653906 0.053125 0.023438
0 0.014063 0.083594 0.025000 0.051562
0 0.010937 0.106250 0.021875 0.037500
0 0.025000 0.143750 0.040625 0.046875
0 0.043750 0.187500 0.046875 0.037500
0 0.060937 0.215625 0.037500 0.034375
0 0.076563 0.245312 0.037500 0.037500
0 0.095312 0.278125 0.040625 0.034375
0 0.121875 0.317969 0.031250 0.023438
0 0.132812 0.350000 0.040625 0.031250
0 0.148438 0.387500 0.037500 0.034375
0 0.167969 0.424219 0.048438 0.039062
0 0.184375 0.460938 0.046875 0.034375
0 0.203125 0.496094 0.043750 0.032813
0 0.214844 0.529687 0.042188 0.034375
0 0.229687 0.563281 0.046875 0.032813
0 0.239844 0.596094 0.039062 0.032813
0 0.256250 0.632031 0.043750 0.035937
0 0.263281 0.661719 0.035937 0.023438
0 0.010937 0.186719 0.018750 0.042188
0 0.025781 0.225000 0.045312 0.040625
0 0.041406 0.264062 0.054688 0.040625
0 0.068750 0.304688 0.059375 0.043750
0 0.088281 0.346875 0.051562 0.034375
0 0.105469 0.385156 0.051562 0.039062
0 0.122656 0.421094 0.045312 0.029687
0 0.136719 0.454688 0.048438 0.028125
0 0.149219 0.486719 0.039062 0.032813
0 0.171094 0.516406 0.048438 0.032813
0 0.185156 0.549219 0.035937 0.032813
0 0.196875 0.583594 0.040625 0.035937
0 0.213281 0.620313 0.042188 0.034375
0 0.223438 0.652344 0.028125 0.029687
0 0.232031 0.677344 0.032813 0.020313
0 0.019531 0.278906 0.029687 0.060937
0 0.024219 0.310156 0.042188 0.042188
0 0.049219 0.357031 0.051562 0.051562
0 0.064844 0.396875 0.035937 0.037500
0 0.080469 0.431250 0.045312 0.034375
0 0.096094 0.471875 0.039062 0.046875
0 0.117969 0.509375 0.032813 0.034375
0 0.135156 0.538281 0.042188 0.042188
0 0.153125 0.570312 0.043750 0.040625
0 0.171094 0.605469 0.032813 0.039062
0 0.185156 0.641406 0.029687 0.035937
0 0.193750 0.669531 0.037500 0.029687
0 0.018750 0.353906 0.037500 0.039062
0 0.021875 0.392188 0.043750 0.034375
0 0.032031 0.425781 0.045312 0.032813
0 0.051562 0.459375 0.040625 0.037500
0 0.073438 0.494531 0.046875 0.039062
0 0.089844 0.534375 0.045312 0.037500
0 0.111719 0.571875 0.042188 0.037500
0 0.128125 0.604688 0.050000 0.028125
0 0.145313 0.633594 0.043750 0.029687
0 0.160156 0.663281 0.026562 0.023438
0 0.014063 0.453125 0.028125 0.059375
0 0.032813 0.499219 0.037500 0.042188
0 0.045312 0.532031 0.040625 0.032813
0 0.069531 0.570312 0.042188 0.040625
0 0.088281 0.607031 0.042188 0.029687
0 0.110156 0.647656 0.045312 0.042188
0 0.121875 0.685156 0.037500 0.029687
0 0.137500 0.721875 0.040625 0.040625
0 0.149219 0.760156 0.035937 0.035937
0 0.165625 0.792969 0.046875 0.035937
0 0.189062 0.825000 0.043750 0.031250
0 0.206250 0.864844 0.043750 0.039062
0 0.219531 0.894531 0.048438 0.035937
0 0.236719 0.926562 0.051562 0.031250
0 0.250000 0.958594 0.046875 0.029687
0 0.263281 0.985938 0.048438 0.025000
0 0.015625 0.526563 0.028125 0.053125
0 0.026562 0.567187 0.046875 0.034375
0 0.043750 0.606250 0.037500 0.034375
0 0.060156 0.642969 0.048438 0.039062
0 0.073438 0.682813 0.053125 0.040625
0 0.091406 0.719531 0.048438 0.032813
0 0.108594 0.751563 0.039062 0.040625
0 0.121875 0.793750 0.050000 0.034375
0 0.146094 0.832031 0.045312 0.039062
0 0.168750 0.872656 0.046875 0.032813
0 0.183594 0.907813 0.042188 0.034375
0 0.193750 0.940625 0.040625 0.034375
0 0.204687 0.969531 0.046875 0.023438
0 0.215625 0.987500 0.034375 0.021875
0 0.015625 0.615625 0.028125 0.050000
0 0.021094 0.655469 0.039062 0.029687
0 0.025000 0.687500 0.043750 0.037500
0 0.046094 0.712500 0.029687 0.037500
0 0.058594 0.742188 0.051562 0.034375
0 0.074219 0.777344 0.042188 0.029687
0 0.091406 0.805469 0.042188 0.029687
0 0.110156 0.824219 0.035937 0.032813
0 0.121094 0.854688 0.032813 0.028125
0 0.136719 0.885156 0.035937 0.035937
0 0.150781 0.922656 0.039062 0.032813
0 0.163281 0.954688 0.026562 0.025000
0 0.176563 0.982031 0.037500 0.032813
0 0.018750 0.726562 0.031250 0.043750
0 0.034375 0.768750 0.040625 0.037500
0 0.053125 0.807813 0.040625 0.028125
0 0.078125 0.841406 0.034375 0.039062
0 0.092969 0.875781 0.039062 0.039062
0 0.107031 0.914062 0.035937 0.034375
0 0.119531 0.946094 0.039062 0.023438
0 0.132031 0.971875 0.042188 0.025000
0 0.137500 0.956250 0.010000 0.010000
0 0.140625 0.987500 0.010000 0.010000
0 0.140625 0.989062 0.031250 0.015625
0 0.011719 0.770312 0.017188 0.040625
0 0.025000 0.822656 0.043750 0.057813
0 0.044531 0.847656 0.035937 0.039062
0 0.055469 0.880469 0.042188 0.032813
0 0.074219 0.909375 0.045312 0.028125
0 0.074219 0.936719 0.042188 0.029687
0 0.090625 0.970313 0.043750 0.031250
0 0.102344 0.989062 0.042188 0.018750
0 0.019531 0.876563 0.032813 0.050000
0 0.032031 0.910937 0.032813 0.031250
0 0.044531 0.943750 0.039062 0.037500
0 0.060156 0.982812 0.029687 0.028125
0 0.012500 0.931250 0.021875 0.034375
0 0.023438 0.971875 0.037500 0.050000
0 0.164844 0.692187 0.039062 0.028125
0 0.180469 0.724219 0.042188 0.029687
0 0.193750 0.757031 0.040625 0.035937
0 0.210938 0.790625 0.043750 0.034375
0 0.225000 0.825000 0.040625 0.043750
0 0.241406 0.860938 0.032813 0.037500
0 0.261719 0.892188 0.035937 0.034375
0 0.281250 0.925000 0.043750 0.031250
0 0.292969 0.957031 0.042188 0.039062
0 0.314063 0.986719 0.050000 0.023438
0 0.212500 0.701562 0.043750 0.034375
0 0.227344 0.734375 0.042188 0.034375
0 0.237500 0.763281 0.037500 0.029687
0 0.253125 0.793750 0.043750 0.034375
0 0.266406 0.825781 0.039062 0.032813
0 0.282813 0.859375 0.037500 0.037500
0 0.306250 0.891406 0.040625 0.035937
0 0.320312 0.924219 0.037500 0.035937
0 0.333594 0.954688 0.039062 0.031250
0 0.353906 0.985156 0.023438 0.026562
0 0.255469 0.696094 0.039062 0.029687
0 0.271875 0.729688 0.053125 0.031250
0 0.279687 0.766406 0.040625 0.035937
0 0.300000 0.798438 0.040625 0.031250
0 0.308594 0.825000 0.042188 0.031250
0 0.325781 0.856250 0.042188 0.031250
0 0.340625 0.885938 0.034375 0.028125
0 0.355469 0.915625 0.032813 0.037500
0 0.369531 0.949219 0.042188 0.029687
0 0.376563 0.979688 0.034375 0.037500
0 0.287500 0.685156 0.031250 0.029687
0 0.298438 0.715625 0.037500 0.025000
0 0.316406 0.739844 0.039062 0.039062
0 0.325000 0.769531 0.043750 0.039062
0 0.342969 0.801562 0.035937 0.034375
0 0.350781 0.834375 0.039062 0.028125
0 0.363281 0.857812 0.032813 0.028125
0 0.379688 0.891406 0.046875 0.032813
0 0.392188 0.919531 0.046875 0.026562
0 0.410156 0.946094 0.039062 0.032813
0 0.416406 0.980469 0.042188 0.035937
0 0.445312 0.986719 0.021875 0.023438
0 0.326562 0.682031 0.037500 0.032813
0 0.338281 0.713281 0.042188 0.032813
0 0.357031 0.740625 0.035937 0.025000
0 0.364063 0.767969 0.043750 0.039062
0 0.378906 0.803125 0.042188 0.034375
0 0.393750 0.839844 0.040625 0.039062
0 0.417969 0.880469 0.048438 0.042188
0 0.422656 0.848437 0.010937 0.025000
0 0.435937 0.921094 0.043750 0.032813
0 0.453125 0.959375 0.010000 0.010000
0 0.450000 0.954688 0.043750 0.037500
0 0.475000 0.984375 0.037500 0.028125
0 0.368750 0.686719 0.040625 0.032813
0 0.385156 0.719531 0.051562 0.032813
0 0.396094 0.747656 0.045312 0.032813
0 0.405469 0.775781 0.051562 0.029687
0 0.424219 0.804688 0.057813 0.037500
0 0.435937 0.834375 0.050000 0.034375
0 0.453125 0.864844 0.046875 0.035937
0 0.471094 0.900000 0.048438 0.037500
0 0.485938 0.935156 0.046875 0.035937
0 0.499219 0.962500 0.048438 0.021875
0 0.510938 0.984375 0.040625 0.028125
0 0.411719 0.692187 0.048438 0.037500
0 0.425781 0.726562 0.045312 0.040625
0 0.444531 0.760156 0.045312 0.026562
0 0.457813 0.791406 0.037500 0.035937
0 0.475781 0.819531 0.045312 0.035937
0 0.492188 0.853125 0.043750 0.034375
0 0.502344 0.885156 0.042188 0.029687
0 0.515625 0.907813 0.037500 0.021875
0 0.528125 0.932813 0.043750 0.034375
0 0.542188 0.961719 0.043750 0.029687
0 0.553125 0.985156 0.043750 0.023438
0 0.454688 0.684375 0.043750 0.021875
0 0.467187 0.719531 0.037500 0.042188
0 0.480469 0.753125 0.039062 0.025000
0 0.493750 0.777344 0.037500 0.039062
0 0.510938 0.806250 0.043750 0.028125
0 0.528125 0.842969 0.043750 0.045312
0 0.539844 0.882812 0.048438 0.037500
0 0.562500 0.914062 0.046875 0.034375
0 0.578906 0.944531 0.048438 0.042188
0 0.557813 0.931250 0.010000 0.010000
0 0.589844 0.979688 0.045312 0.034375
0 0.496094 0.684375 0.045312 0.031250
0 0.514062 0.719531 0.053125 0.029687
0 0.529687 0.754687 0.053125 0.037500
0 0.542188 0.790625 0.046875 0.037500
0 0.556250 0.825000 0.046875 0.034375
0 0.572656 0.854688 0.042188 0.028125
0 0.587500 0.886719 0.046875 0.026562
0 0.603906 0.916406 0.045312 0.039062
0 0.621094 0.947656 0.042188 0.026562
0 0.630469 0.980469 0.042188 0.035937
0 0.545312 0.690625 0.046875 0.040625
0 0.562500 0.732812 0.037500 0.037500
0 0.578906 0.771094 0.032813 0.035937
0 0.594531 0.805469 0.039062 0.029687
0 0.607812 0.837500 0.037500 0.031250
0 0.626563 0.874219 0.040625 0.035937
0 0.640625 0.902344 0.040625 0.026562
0 0.654687 0.928125 0.040625 0.025000
0 0.664844 0.952344 0.039062 0.032813
0 0.673438 0.980469 0.053125 0.032813
0 0.582031 0.679688 0.029687 0.025000
0 0.589844 0.706250 0.039062 0.034375
0 0.607812 0.741406 0.043750 0.029687
0 0.621094 0.769531 0.042188 0.032813
0 0.632812 0.807031 0.046875 0.039062
0 0.647656 0.842187 0.045312 0.034375
0 0.667188 0.874219 0.050000 0.035937
0 0.685937 0.910156 0.046875 0.032813
0 0.699219 0.937500 0.051562 0.025000
0 0.715625 0.964063 0.043750 0.025000
0 0.721094 0.985938 0.048438 0.025000
0 0.626563 0.688281 0.053125 0.039062
0 0.636719 0.721094 0.057813 0.035937
0 0.653906 0.756250 0.051562 0.034375
0 0.670312 0.792188 0.053125 0.040625
0 0.690625 0.828125 0.046875 0.031250
0 0.705469 0.858594 0.042188 0.045312
0 0.719531 0.897656 0.060937 0.032813
0 0.730469 0.923438 0.054688 0.031250
0 0.748437 0.948438 0.056250 0.028125
0 0.760156 0.974219 0.039062 0.017188
0 0.767188 0.989062 0.043750 0.015625
0 0.804688 0.981250 0.034375 0.031250
0 0.789062 0.950000 0.037500 0.031250
0 0.781250 0.917188 0.043750 0.040625
0 0.763281 0.881250 0.045312 0.034375
0 0.750781 0.852344 0.051562 0.032813
0 0.735156 0.821875 0.039062 0.031250
0 0.724219 0.791406 0.035937 0.035937
0 0.702344 0.757812 0.042188 0.031250
0 0.688281 0.732031 0.048438 0.032813
0 0.675781 0.707031 0.026562 0.020313
0 0.670312 0.683594 0.040625 0.032813
0 0.700000 0.675781 0.046875 0.039062
0 0.710156 0.705469 0.054688 0.032813
0 0.732031 0.737500 0.045312 0.040625
0 0.745313 0.767969 0.037500 0.032813
0 0.764844 0.805469 0.045312 0.051562
0 0.784375 0.841406 0.037500 0.026562
0 0.786719 0.864062 0.051562 0.037500
0 0.811719 0.895312 0.032813 0.031250
0 0.824219 0.921875 0.045312 0.028125
0 0.832031 0.947656 0.035937 0.026562
0 0.843750 0.978906 0.043750 0.039062
0 0.889844 0.982031 0.042188 0.032813
0 0.875781 0.949219 0.048438 0.035937
0 0.860156 0.917188 0.042188 0.034375
0 0.844531 0.887500 0.045312 0.037500
0 0.827344 0.850781 0.048438 0.042188
0 0.810937 0.810937 0.046875 0.043750
0 0.790625 0.770312 0.053125 0.034375
0 0.775781 0.732031 0.048438 0.042188
0 0.764062 0.698438 0.040625 0.028125
0 0.753906 0.671094 0.045312 0.026562
0 0.784375 0.655469 0.043750 0.035937
0 0.796094 0.689844 0.039062 0.035937
0 0.814844 0.720313 0.039062 0.031250
0 0.823438 0.750781 0.046875 0.035937
0 0.843750 0.782813 0.053125 0.034375
0 0.853125 0.813281 0.040625 0.042188
0 0.867188 0.842187 0.043750 0.025000
0 0.880469 0.872656 0.045312 0.032813
0 0.897656 0.900000 0.039062 0.025000
0 0.903125 0.925000 0.046875 0.025000
0 0.921875 0.950000 0.037500 0.028125
0 0.939063 0.989844 0.050000 0.014063
0 0.937500 0.973437 0.040625 0.028125
0 0.975781 0.973437 0.039062 0.046875
0 0.985938 0.932031 0.021875 0.045312
0 0.985156 0.885938 0.026562 0.043750
0 0.988281 0.841406 0.020313 0.048438
0 0.990625 0.787500 0.012500 0.056250
0 0.990625 0.739062 0.015625 0.037500
0 0.990625 0.692187 0.012500 0.056250
0 0.990625 0.640625 0.015625 0.053125
0 0.829688 0.651563 0.031250 0.037500
0 0.839063 0.685156 0.037500 0.029687
0 0.851562 0.717187 0.037500 0.034375
0 0.863281 0.747656 0.029687 0.029687
0 0.867969 0.775781 0.023438 0.026562
0 0.886719 0.800781 0.035937 0.032813
0 0.901563 0.829688 0.040625 0.028125
0 0.916406 0.862500 0.039062 0.037500
0 0.928125 0.889062 0.034375 0.034375
0 0.942187 0.912500 0.037500 0.025000
0 0.951562 0.938281 0.034375 0.035937
0 0.960156 0.892969 0.035937 0.032813
0 0.957031 0.861719 0.039062 0.029687
0 0.950000 0.835938 0.046875 0.028125
0 0.933594 0.811719 0.039062 0.032813
0 0.917969 0.778125 0.048438 0.034375
0 0.903906 0.750000 0.042188 0.028125
0 0.900781 0.722656 0.054688 0.026562
0 0.883594 0.687500 0.039062 0.034375
0 0.861719 0.641406 0.029687 0.048438
0 0.900781 0.650000 0.045312 0.031250
0 0.920312 0.688281 0.040625 0.045312
0 0.933594 0.715625 0.029687 0.021875
0 0.947656 0.740625 0.045312 0.031250
0 0.960156 0.767188 0.035937 0.031250
0 0.966406 0.800000 0.032813 0.043750
0 0.967187 0.720313 0.021875 0.034375
0 0.960156 0.686719 0.035937 0.035937
0 0.947656 0.659375 0.032813 0.025000
0 0.928906 0.625781 0.039062 0.035937
0 0.966406 0.632812 0.035937 0.034375
0 0.968750 0.660937 0.034375 0.031250
