0 0.989062 0.011719 0.015625 0.017188
0 0.964063 0.014063 0.028125 0.021875
0 0.975000 0.038281 0.037500 0.020313
0 0.982031 0.060937 0.026562 0.021875
0 0.989844 0.086719 0.017188 0.020313
0 0.918750 0.034375 0.034375 0.018750
0 0.911719 0.011719 0.039062 0.020313
0 0.928125 0.054688 0.031250 0.015625
0 0.935937 0.077344 0.037500 0.023438
0 0.957031 0.125000 0.035937 0.021875
0 0.946875 0.100781 0.037500 0.023438
0 0.964063 0.147656 0.034375 0.017188
0 0.967969 0.171094 0.035937 0.026562
0 0.984375 0.229687 0.025000 0.025000
0 0.975000 0.199219 0.028125 0.029687
0 0.985156 0.113281 0.020313 0.020313
0 0.988281 0.135937 0.014063 0.018750
0 0.992188 0.162500 0.010000 0.028125
0 0.993750 0.192969 0.010000 0.023438
0 0.869531 0.008594 0.026562 0.014063
0 0.878906 0.030469 0.032813 0.026562
0 0.885938 0.058594 0.031250 0.029687
0 0.895312 0.089063 0.034375 0.028125
0 0.910937 0.120313 0.034375 0.031250
0 0.921875 0.155469 0.034375 0.032813
0 0.933594 0.183594 0.035937 0.023438
0 0.943750 0.210156 0.034375 0.023438
0 0.956250 0.233594 0.034375 0.023438
0 0.975000 0.257812 0.040625 0.021875
0 0.987500 0.283594 0.021875 0.023438
0 0.836719 0.011719 0.032813 0.023438
0 0.846094 0.037500 0.029687 0.021875
0 0.865625 0.090625 0.031250 0.034375
0 0.853906 0.060156 0.029687 0.023438
0 0.874219 0.122656 0.026562 0.023438
0 0.886719 0.148438 0.032813 0.028125
0 0.898438 0.178906 0.031250 0.026562
0 0.907813 0.204687 0.031250 0.021875
0 0.917969 0.232813 0.035937 0.025000
0 0.934375 0.260156 0.034375 0.023438
0 0.951562 0.287500 0.037500 0.021875
0 0.987500 0.346875 0.021875 0.018750
0 0.992969 0.375781 0.010000 0.023438
0 0.975781 0.315625 0.039062 0.028125
0 0.935937 0.312500 0.028125 0.021875
0 0.949219 0.337500 0.035937 0.021875
0 0.959375 0.362500 0.028125 0.021875
0 0.970313 0.389844 0.034375 0.023438
0 0.978906 0.415625 0.035937 0.028125
0 0.983594 0.444531 0.020313 0.023438
0 0.990625 0.471094 0.010000 0.017188
0 0.797656 0.010937 0.035937 0.018750
0 0.803906 0.032813 0.032813 0.018750
0 0.817187 0.057031 0.037500 0.029687
0 0.828125 0.089063 0.031250 0.025000
0 0.835938 0.116406 0.037500 0.023438
0 0.842187 0.139844 0.031250 0.023438
0 0.867188 0.194531 0.028125 0.023438
0 0.854688 0.164844 0.031250 0.020313
0 0.874219 0.219531 0.023438 0.017188
0 0.880469 0.246094 0.029687 0.023438
0 0.892188 0.272656 0.031250 0.026562
0 0.900000 0.302344 0.031250 0.026562
0 0.910156 0.331250 0.029687 0.025000
0 0.921094 0.360938 0.035937 0.028125
0 0.932813 0.392969 0.034375 0.026562
0 0.953906 0.453906 0.039062 0.032813
0 0.941406 0.421094 0.029687 0.023438
0 0.966406 0.485156 0.029687 0.023438
0 0.975000 0.510938 0.037500 0.021875
0 0.982812 0.535156 0.028125 0.017188
0 0.984375 0.557031 0.021875 0.017188
0 0.989844 0.576562 0.010000 0.012500
0 0.757031 0.012500 0.035937 0.021875
0 0.769531 0.038281 0.032813 0.023438
0 0.778906 0.064844 0.032813 0.026562
0 0.789062 0.091406 0.034375 0.023438
0 0.796094 0.117969 0.032813 0.023438
0 0.805469 0.145313 0.035937 0.021875
0 0.817187 0.170313 0.034375 0.018750
0 0.828125 0.193750 0.034375 0.021875
0 0.838281 0.221875 0.029687 0.021875
0 0.846094 0.247656 0.029687 0.020313
0 0.857812 0.271875 0.025000 0.015625
0 0.866406 0.296094 0.026562 0.029687
0 0.878125 0.326562 0.018750 0.018750
0 0.889062 0.354687 0.018750 0.021875
0 0.901563 0.384375 0.018750 0.018750
0 0.719531 0.010937 0.032813 0.018750
0 0.728906 0.036719 0.035937 0.029687
0 0.739844 0.066406 0.035937 0.023438
0 0.748437 0.098437 0.037500 0.031250
0 0.762500 0.129688 0.028125 0.021875
0 0.775781 0.154688 0.020313 0.018750
0 0.785156 0.178906 0.026562 0.020313
0 0.793750 0.204687 0.031250 0.021875
0 0.806250 0.232031 0.031250 0.020313
0 0.815625 0.256250 0.031250 0.025000
0 0.839063 0.279687 0.025000 0.015625
0 0.844531 0.301563 0.017188 0.015625
0 0.857812 0.324219 0.015625 0.020313
0 0.869531 0.346094 0.014063 0.014063
0 0.810156 0.285938 0.029687 0.021875
0 0.817969 0.310156 0.029687 0.017188
0 0.831250 0.335156 0.034375 0.023438
0 0.844531 0.364844 0.045312 0.023438
0 0.877344 0.375781 0.014063 0.032813
0 0.849219 0.391406 0.032813 0.023438
0 0.893750 0.409375 0.034375 0.025000
0 0.906250 0.441406 0.037500 0.029687
0 0.918750 0.472656 0.031250 0.023438
0 0.931250 0.501563 0.031250 0.025000
0 0.940625 0.529687 0.031250 0.021875
0 0.950000 0.554688 0.034375 0.021875
0 0.962500 0.580469 0.037500 0.026562
0 0.974219 0.611719 0.039062 0.026562
0 0.978906 0.639062 0.026562 0.018750
0 0.855469 0.416406 0.026562 0.017188
0 0.864062 0.439844 0.028125 0.020313
0 0.875000 0.464062 0.025000 0.021875
0 0.885938 0.489063 0.028125 0.018750
0 0.896875 0.512500 0.031250 0.021875
0 0.905469 0.535937 0.029687 0.018750
0 0.914844 0.558594 0.026562 0.020313
0 0.925781 0.584375 0.023438 0.021875
0 0.681250 0.013281 0.034375 0.023438
0 0.688281 0.039844 0.032813 0.023438
0 0.700000 0.069531 0.034375 0.026562
0 0.710156 0.100781 0.032813 0.023438
0 0.734375 0.162500 0.043750 0.031250
0 0.721875 0.128125 0.037500 0.025000
0 0.745313 0.196094 0.040625 0.029687
0 0.760938 0.227344 0.034375 0.023438
0 0.771875 0.253125 0.031250 0.021875
0 0.771094 0.278125 0.032813 0.021875
0 0.779687 0.307031 0.031250 0.026562
0 0.791406 0.337500 0.035937 0.028125
0 0.800781 0.366406 0.032813 0.023438
0 0.810156 0.393750 0.032813 0.021875
0 0.819531 0.420312 0.032813 0.025000
0 0.830469 0.446875 0.032813 0.021875
0 0.842187 0.474219 0.037500 0.026562
0 0.854688 0.502344 0.037500 0.023438
0 0.864062 0.528125 0.034375 0.018750
0 0.874219 0.550781 0.032813 0.017188
0 0.885156 0.571875 0.026562 0.018750
0 0.885156 0.592969 0.029687 0.020313
0 0.893750 0.620313 0.037500 0.025000
0 0.929688 0.607031 0.037500 0.026562
0 0.905469 0.649219 0.039062 0.026562
0 0.916406 0.676562 0.035937 0.021875
0 0.927344 0.703125 0.039062 0.021875
0 0.950000 0.754687 0.043750 0.025000
0 0.939063 0.728125 0.031250 0.021875
0 0.941406 0.636719 0.032813 0.020313
0 0.951562 0.664062 0.034375 0.021875
0 0.961719 0.693750 0.032813 0.025000
0 0.970313 0.721875 0.028125 0.021875
0 0.978906 0.748437 0.035937 0.021875
0 0.987500 0.771094 0.012500 0.020313
0 0.984375 0.660937 0.025000 0.018750
0 0.988281 0.682813 0.017188 0.018750
0 0.992969 0.710938 0.010000 0.028125
0 0.958594 0.785156 0.039062 0.023438
0 0.981250 0.839844 0.028125 0.017188
0 0.969531 0.812500 0.032813 0.031250
0 0.993750 0.800000 0.010000 0.028125
0 0.985938 0.862500 0.021875 0.021875
0 0.992969 0.885938 0.010000 0.018750
0 0.639062 0.014063 0.040625 0.018750
0 0.647656 0.037500 0.035937 0.021875
0 0.657031 0.064844 0.042188 0.026562
0 0.664844 0.092188 0.039062 0.025000
0 0.676562 0.119531 0.034375 0.023438
0 0.687500 0.147656 0.037500 0.020313
0 0.693750 0.171094 0.031250 0.017188
0 0.703125 0.196875 0.028125 0.025000
0 0.718750 0.226562 0.043750 0.025000
0 0.729688 0.255469 0.037500 0.026562
0 0.736719 0.283594 0.029687 0.020313
0 0.748437 0.308594 0.028125 0.017188
0 0.753125 0.334375 0.028125 0.025000
0 0.764844 0.364844 0.032813 0.026562
0 0.775000 0.393750 0.031250 0.021875
0 0.784375 0.418750 0.025000 0.018750
0 0.792188 0.445312 0.021875 0.025000
0 0.801562 0.471875 0.028125 0.025000
0 0.811719 0.500000 0.035937 0.021875
0 0.821875 0.526563 0.037500 0.025000
0 0.850781 0.580469 0.032813 0.017188
0 0.837500 0.553906 0.028125 0.026562
0 0.596875 0.014063 0.034375 0.021875
0 0.607031 0.043750 0.039062 0.028125
0 0.617969 0.071875 0.023438 0.018750
0 0.627344 0.096875 0.026562 0.021875
0 0.638281 0.125781 0.029687 0.023438
0 0.652344 0.157031 0.032813 0.023438
0 0.661719 0.185156 0.032813 0.023438
0 0.670312 0.212500 0.034375 0.021875
0 0.678906 0.238281 0.029687 0.026562
0 0.689844 0.264062 0.029687 0.018750
0 0.703125 0.289062 0.031250 0.018750
0 0.710156 0.310937 0.032813 0.018750
0 0.718750 0.333594 0.028125 0.017188
0 0.726562 0.357812 0.031250 0.021875
0 0.732031 0.383594 0.026562 0.020313
0 0.742188 0.407031 0.028125 0.017188
0 0.752344 0.429688 0.029687 0.018750
0 0.761719 0.452344 0.029687 0.023438
0 0.766406 0.478125 0.026562 0.018750
0 0.775000 0.499219 0.025000 0.017188
0 0.785156 0.521875 0.026562 0.015625
0 0.799219 0.543750 0.039062 0.018750
0 0.806250 0.564063 0.034375 0.018750
0 0.814063 0.582031 0.025000 0.010937
0 0.558594 0.009375 0.029687 0.018750
0 0.567187 0.032031 0.028125 0.017188
0 0.578125 0.053125 0.031250 0.018750
0 0.585156 0.074219 0.026562 0.023438
0 0.596094 0.099219 0.023438 0.020313
0 0.599219 0.122656 0.029687 0.020313
0 0.608594 0.149219 0.029687 0.020313
0 0.617188 0.174219 0.031250 0.020313
0 0.624219 0.199219 0.039062 0.023438
0 0.632031 0.226562 0.035937 0.028125
0 0.644531 0.258594 0.032813 0.026562
0 0.657813 0.287500 0.034375 0.021875
0 0.669531 0.314844 0.035937 0.023438
0 0.683594 0.342969 0.035937 0.023438
0 0.692187 0.370312 0.031250 0.018750
0 0.710156 0.415625 0.026562 0.018750
0 0.701562 0.395313 0.028125 0.015625
0 0.718750 0.439844 0.031250 0.020313
0 0.726562 0.464062 0.034375 0.018750
0 0.732812 0.487500 0.034375 0.021875
0 0.741406 0.510938 0.032813 0.015625
0 0.752344 0.533594 0.032813 0.017188
0 0.760156 0.555469 0.032813 0.017188
0 0.773438 0.578906 0.037500 0.017188
0 0.784375 0.599219 0.040625 0.017188
0 0.816406 0.596094 0.014063 0.017188
0 0.848437 0.598437 0.031250 0.018750
0 0.521094 0.020313 0.032813 0.018750
0 0.524219 0.042188 0.042188 0.018750
0 0.536719 0.064844 0.045312 0.023438
0 0.549219 0.089844 0.035937 0.020313
0 0.560937 0.114844 0.034375 0.020313
0 0.568750 0.142969 0.028125 0.023438
0 0.575781 0.167969 0.035937 0.020313
0 0.584375 0.192969 0.034375 0.020313
0 0.591406 0.220312 0.032813 0.025000
0 0.603125 0.250000 0.037500 0.028125
0 0.613281 0.277344 0.029687 0.020313
0 0.622656 0.303125 0.029687 0.021875
0 0.630469 0.329688 0.032813 0.021875
0 0.642969 0.357031 0.039062 0.023438
0 0.653906 0.382031 0.039062 0.020313
0 0.664844 0.405469 0.039062 0.023438
0 0.676562 0.432031 0.037500 0.020313
0 0.682031 0.457813 0.032813 0.025000
0 0.692969 0.485938 0.035937 0.028125
0 0.703906 0.514844 0.032813 0.023438
0 0.714844 0.540625 0.032813 0.021875
0 0.725000 0.565625 0.043750 0.021875
0 0.731250 0.591406 0.043750 0.020313
0 0.736719 0.613281 0.042188 0.017188
0 0.483594 0.035937 0.032813 0.018750
0 0.489063 0.057813 0.031250 0.021875
0 0.498437 0.082812 0.034375 0.021875
0 0.511719 0.105469 0.035937 0.020313
0 0.526563 0.128906 0.037500 0.020313
0 0.530469 0.156250 0.032813 0.018750
0 0.536719 0.178125 0.035937 0.021875
0 0.543750 0.203906 0.034375 0.023438
0 0.553906 0.228125 0.032813 0.021875
0 0.560937 0.247656 0.025000 0.017188
0 0.569531 0.267969 0.023438 0.017188
0 0.581250 0.286719 0.028125 0.017188
0 0.595313 0.305469 0.028125 0.017188
0 0.600000 0.332813 0.021875 0.021875
0 0.609375 0.357812 0.025000 0.021875
0 0.617188 0.384375 0.018750 0.025000
0 0.628125 0.410156 0.021875 0.023438
0 0.640625 0.436719 0.028125 0.023438
0 0.649219 0.460156 0.020313 0.014063
0 0.660156 0.482812 0.023438 0.021875
0 0.669531 0.511719 0.023438 0.023438
0 0.681250 0.540625 0.021875 0.025000
0 0.687500 0.565625 0.018750 0.018750
0 0.694531 0.590625 0.020313 0.018750
0 0.701562 0.614844 0.015625 0.020313
0 0.450000 0.041406 0.025000 0.017188
0 0.455469 0.063281 0.032813 0.020313
0 0.460156 0.086719 0.035937 0.020313
0 0.472656 0.110937 0.029687 0.021875
0 0.486719 0.135156 0.032813 0.017188
0 0.492969 0.158594 0.029687 0.023438
0 0.502344 0.184375 0.023438 0.018750
0 0.510938 0.206250 0.021875 0.018750
0 0.521875 0.230469 0.021875 0.023438
0 0.532031 0.257812 0.026562 0.025000
0 0.539844 0.285938 0.035937 0.025000
0 0.557813 0.312500 0.034375 0.021875
0 0.568750 0.337500 0.031250 0.021875
0 0.575781 0.362500 0.023438 0.018750
0 0.589844 0.387500 0.026562 0.018750
0 0.600000 0.416406 0.025000 0.026562
0 0.610938 0.442188 0.028125 0.018750
0 0.622656 0.465625 0.020313 0.021875
0 0.634375 0.490625 0.021875 0.018750
0 0.643750 0.514062 0.018750 0.018750
0 0.654687 0.537500 0.018750 0.021875
0 0.664844 0.564063 0.017188 0.021875
0 0.670312 0.589844 0.018750 0.020313
0 0.676562 0.616406 0.021875 0.023438
0 0.420312 0.065625 0.037500 0.018750
0 0.421094 0.090625 0.035937 0.025000
0 0.435937 0.116406 0.034375 0.020313
0 0.449219 0.139844 0.035937 0.017188
0 0.460156 0.163281 0.029687 0.020313
0 0.466406 0.190625 0.035937 0.028125
0 0.478125 0.222656 0.037500 0.023438
0 0.492188 0.248438 0.037500 0.021875
0 0.500000 0.275000 0.031250 0.025000
0 0.508594 0.300781 0.023438 0.017188
0 0.521094 0.324219 0.029687 0.020313
0 0.532813 0.350000 0.034375 0.021875
0 0.542188 0.374219 0.037500 0.023438
0 0.553906 0.401562 0.035937 0.021875
0 0.564844 0.428906 0.035937 0.026562
0 0.578906 0.454688 0.032813 0.021875
0 0.592187 0.482031 0.037500 0.023438
0 0.608594 0.508594 0.032813 0.023438
0 0.617969 0.537500 0.035937 0.025000
0 0.631250 0.567969 0.037500 0.029687
0 0.639062 0.598437 0.037500 0.025000
0 0.645312 0.624219 0.028125 0.023438
0 0.382812 0.081250 0.028125 0.028125
0 0.388281 0.112500 0.032813 0.025000
0 0.401562 0.139844 0.034375 0.026562
0 0.417187 0.168750 0.043750 0.025000
0 0.426563 0.194531 0.031250 0.020313
0 0.439063 0.221094 0.031250 0.026562
0 0.450781 0.251563 0.035937 0.028125
0 0.461719 0.281250 0.035937 0.025000
0 0.472656 0.309375 0.039062 0.025000
0 0.486719 0.335156 0.029687 0.017188
0 0.498437 0.357812 0.034375 0.021875
0 0.504687 0.382812 0.028125 0.021875
0 0.513281 0.407813 0.035937 0.021875
0 0.521875 0.433594 0.043750 0.020313
0 0.533594 0.457813 0.039062 0.018750
0 0.556250 0.482812 0.021875 0.028125
0 0.575000 0.511719 0.025000 0.023438
0 0.584375 0.539062 0.025000 0.018750
0 0.592969 0.564844 0.026562 0.020313
0 0.598437 0.589063 0.025000 0.018750
0 0.605469 0.609375 0.020313 0.018750
0 0.350781 0.100781 0.029687 0.017188
0 0.356250 0.122656 0.025000 0.017188
0 0.365625 0.142969 0.025000 0.017188
0 0.376563 0.167187 0.031250 0.025000
0 0.387500 0.196875 0.034375 0.025000
0 0.403125 0.223438 0.028125 0.018750
0 0.414844 0.247656 0.029687 0.023438
0 0.421875 0.271875 0.025000 0.015625
0 0.430469 0.293750 0.026562 0.018750
0 0.433594 0.316406 0.026562 0.020313
0 0.446094 0.338281 0.035937 0.023438
0 0.456250 0.359375 0.031250 0.018750
0 0.464844 0.379688 0.042188 0.021875
0 0.468750 0.402344 0.031250 0.017188
0 0.475000 0.424219 0.021875 0.020313
0 0.486719 0.448437 0.026562 0.021875
0 0.499219 0.475000 0.035937 0.025000
0 0.510156 0.502344 0.023438 0.026562
0 0.541406 0.497656 0.014063 0.020313
0 0.546875 0.521875 0.025000 0.025000
0 0.555469 0.547656 0.029687 0.020313
0 0.560937 0.572656 0.031250 0.020313
0 0.577344 0.603906 0.017188 0.026562
0 0.514844 0.528125 0.029687 0.021875
0 0.520312 0.553906 0.034375 0.023438
0 0.528906 0.575000 0.020313 0.015625
0 0.533594 0.594531 0.039062 0.020313
0 0.546875 0.617188 0.037500 0.018750
0 0.322656 0.120313 0.042188 0.021875
0 0.332031 0.146875 0.032813 0.025000
0 0.342969 0.170313 0.035937 0.021875
0 0.348438 0.196875 0.037500 0.031250
0 0.360938 0.229687 0.040625 0.028125
0 0.377344 0.258594 0.039062 0.023438
0 0.389844 0.285156 0.035937 0.029687
0 0.395313 0.314844 0.037500 0.023438
0 0.402344 0.342969 0.042188 0.026562
0 0.414062 0.369531 0.043750 0.023438
0 0.428906 0.396875 0.032813 0.018750
0 0.437500 0.421094 0.031250 0.023438
0 0.450000 0.449219 0.037500 0.026562
0 0.460938 0.478125 0.031250 0.021875
0 0.471875 0.507031 0.040625 0.023438
0 0.479687 0.533594 0.040625 0.023438
0 0.478125 0.554688 0.025000 0.012500
0 0.489063 0.575781 0.040625 0.023438
0 0.492969 0.602344 0.032813 0.020313
0 0.501563 0.625781 0.034375 0.017188
0 0.509375 0.646094 0.028125 0.020313
0 0.300000 0.150781 0.018750 0.020313
0 0.306250 0.175781 0.028125 0.020313
0 0.310937 0.196875 0.031250 0.015625
0 0.317188 0.220312 0.031250 0.025000
0 0.327344 0.246094 0.026562 0.023438
0 0.335938 0.271094 0.034375 0.023438
0 0.347656 0.300000 0.039062 0.021875
0 0.357812 0.327344 0.034375 0.023438
0 0.366406 0.353125 0.026562 0.021875
0 0.374219 0.378125 0.029687 0.021875
0 0.385156 0.402344 0.042188 0.023438
0 0.400000 0.428125 0.040625 0.025000
0 0.408594 0.453125 0.032813 0.021875
0 0.416406 0.478125 0.042188 0.025000
0 0.422656 0.504687 0.035937 0.021875
0 0.432031 0.532031 0.035937 0.023438
0 0.441406 0.561719 0.039062 0.026562
0 0.452344 0.589063 0.029687 0.018750
0 0.461719 0.610156 0.023438 0.017188
0 0.468750 0.632031 0.025000 0.017188
0 0.279687 0.179688 0.021875 0.015625
0 0.278125 0.205469 0.031250 0.023438
0 0.285156 0.230469 0.029687 0.020313
0 0.294531 0.255469 0.029687 0.020313
0 0.303906 0.278125 0.026562 0.018750
0 0.310937 0.302344 0.031250 0.020313
0 0.322656 0.326562 0.026562 0.021875
0 0.331250 0.351562 0.031250 0.018750
0 0.342187 0.375000 0.025000 0.018750
0 0.347656 0.400000 0.023438 0.021875
0 0.361719 0.428906 0.029687 0.026562
0 0.371094 0.460156 0.035937 0.026562
0 0.376563 0.487500 0.031250 0.021875
0 0.385156 0.513281 0.032813 0.023438
0 0.393750 0.539062 0.034375 0.021875
0 0.405469 0.561719 0.026562 0.020313
0 0.415625 0.588281 0.034375 0.023438
0 0.424219 0.615625 0.042188 0.021875
0 0.432031 0.640625 0.045312 0.021875
0 0.436719 0.665625 0.035937 0.028125
0 0.242969 0.206250 0.029687 0.018750
0 0.248438 0.231250 0.031250 0.021875
0 0.255469 0.253906 0.029687 0.020313
0 0.267969 0.277344 0.035937 0.017188
0 0.275000 0.300781 0.034375 0.023438
0 0.286719 0.328125 0.035937 0.025000
0 0.294531 0.353906 0.029687 0.017188
0 0.305469 0.375781 0.039062 0.023438
0 0.313281 0.402344 0.035937 0.026562
0 0.321875 0.428906 0.040625 0.020313
0 0.329688 0.454688 0.034375 0.025000
0 0.336719 0.479687 0.032813 0.021875
0 0.342187 0.505469 0.034375 0.023438
0 0.352344 0.534375 0.032813 0.021875
0 0.368750 0.560937 0.031250 0.021875
0 0.380469 0.585938 0.032813 0.021875
0 0.383594 0.612500 0.026562 0.021875
0 0.391406 0.639062 0.029687 0.021875
0 0.399219 0.665625 0.035937 0.025000
0 0.205469 0.204687 0.032813 0.021875
0 0.211719 0.230469 0.032813 0.023438
0 0.220312 0.256250 0.031250 0.018750
0 0.231250 0.280469 0.028125 0.023438
0 0.242969 0.307812 0.023438 0.021875
0 0.249219 0.333594 0.026562 0.020313
0 0.263281 0.358594 0.023438 0.023438
0 0.266406 0.384375 0.026562 0.021875
0 0.277344 0.409375 0.035937 0.021875
0 0.280469 0.433594 0.032813 0.020313
0 0.291406 0.457813 0.032813 0.021875
0 0.300781 0.484375 0.032813 0.025000
0 0.310937 0.509375 0.018750 0.018750
0 0.317969 0.534375 0.026562 0.021875
0 0.330469 0.563281 0.035937 0.029687
0 0.339062 0.596094 0.034375 0.029687
0 0.349219 0.628906 0.039062 0.026562
0 0.354687 0.657813 0.037500 0.025000
0 0.173437 0.232031 0.034375 0.020313
0 0.190625 0.242188 0.010000 0.010000
0 0.197656 0.284375 0.032813 0.025000
0 0.183594 0.256250 0.032813 0.025000
0 0.209375 0.311719 0.028125 0.020313
0 0.217188 0.337500 0.025000 0.021875
0 0.225000 0.363281 0.037500 0.023438
0 0.234375 0.390625 0.031250 0.025000
0 0.240625 0.417969 0.031250 0.020313
0 0.246875 0.440625 0.028125 0.021875
0 0.254688 0.464844 0.031250 0.020313
0 0.263281 0.485938 0.035937 0.021875
0 0.276562 0.511719 0.034375 0.020313
0 0.284375 0.539062 0.031250 0.025000
0 0.299219 0.591406 0.032813 0.014063
0 0.292187 0.567969 0.031250 0.023438
0 0.308594 0.614062 0.029687 0.021875
0 0.315625 0.636719 0.025000 0.014063
0 0.321094 0.660156 0.020313 0.017188
0 0.142187 0.243750 0.028125 0.021875
0 0.148438 0.267969 0.037500 0.017188
0 0.160938 0.290625 0.031250 0.018750
0 0.167969 0.315625 0.035937 0.018750
0 0.178906 0.338281 0.039062 0.023438
0 0.191406 0.387500 0.035937 0.025000
0 0.188281 0.361719 0.029687 0.020313
0 0.201563 0.416406 0.037500 0.026562
0 0.210156 0.447656 0.035937 0.029687
0 0.221094 0.477344 0.029687 0.023438
0 0.227344 0.500781 0.029687 0.017188
0 0.238281 0.522656 0.035937 0.023438
0 0.246094 0.548438 0.035937 0.021875
0 0.255469 0.574219 0.029687 0.023438
0 0.262500 0.599219 0.031250 0.017188
0 0.272656 0.620313 0.032813 0.021875
0 0.279687 0.646094 0.037500 0.020313
0 0.288281 0.671094 0.035937 0.020313
0 0.111719 0.276562 0.029687 0.018750
0 0.120313 0.298438 0.037500 0.015625
0 0.126562 0.320312 0.037500 0.021875
0 0.133594 0.347656 0.039062 0.023438
0 0.147656 0.373437 0.045312 0.015625
0 0.150781 0.396094 0.035937 0.020313
0 0.158594 0.420312 0.039062 0.018750
0 0.165625 0.441406 0.037500 0.014063
0 0.171094 0.464062 0.039062 0.025000
0 0.182812 0.489844 0.043750 0.020313
0 0.191406 0.514062 0.032813 0.028125
0 0.204687 0.542969 0.034375 0.020313
0 0.216406 0.569531 0.032813 0.023438
0 0.225781 0.593750 0.032813 0.021875
0 0.232031 0.617188 0.035937 0.021875
0 0.236719 0.642188 0.035937 0.025000
0 0.246094 0.670312 0.039062 0.018750
0 0.070312 0.294531 0.040625 0.029687
0 0.080469 0.324219 0.048438 0.023438
0 0.086719 0.350000 0.042188 0.021875
0 0.100781 0.378906 0.035937 0.023438
0 0.119531 0.439844 0.042188 0.029687
0 0.110937 0.406250 0.040625 0.025000
0 0.129688 0.471094 0.034375 0.023438
0 0.138281 0.496875 0.035937 0.018750
0 0.143750 0.520312 0.034375 0.018750
0 0.152344 0.539844 0.020313 0.017188
0 0.167187 0.557813 0.040625 0.018750
0 0.171875 0.583594 0.043750 0.029687
0 0.185156 0.614844 0.045312 0.026562
0 0.191406 0.643750 0.045312 0.028125
0 0.201563 0.672656 0.040625 0.026562
0 0.033594 0.322656 0.032813 0.010937
0 0.039844 0.339844 0.032813 0.014063
0 0.047656 0.357812 0.029687 0.015625
0 0.056250 0.382812 0.040625 0.031250
0 0.064844 0.412500 0.039062 0.025000
0 0.071875 0.437500 0.037500 0.015625
0 0.077344 0.460156 0.035937 0.023438
0 0.089844 0.486719 0.042188 0.023438
0 0.102344 0.510938 0.032813 0.018750
0 0.107031 0.530469 0.029687 0.014063
0 0.117969 0.554688 0.045312 0.028125
0 0.126562 0.584375 0.037500 0.025000
0 0.138281 0.611719 0.029687 0.023438
0 0.147656 0.639844 0.029687 0.026562
0 0.159375 0.672656 0.034375 0.026562
0 0.012500 0.346875 0.025000 0.037500
0 0.017969 0.385156 0.029687 0.029687
0 0.021875 0.417969 0.034375 0.026562
0 0.033594 0.447656 0.032813 0.023438
0 0.039062 0.474219 0.031250 0.026562
0 0.050781 0.503125 0.029687 0.025000
0 0.062500 0.532813 0.040625 0.031250
0 0.074219 0.563281 0.032813 0.029687
0 0.086719 0.595313 0.039062 0.028125
0 0.100000 0.626563 0.043750 0.028125
0 0.111719 0.660937 0.035937 0.028125
0 0.009375 0.453906 0.012500 0.042188
0 0.014063 0.494531 0.025000 0.029687
0 0.021094 0.529687 0.032813 0.031250
0 0.032813 0.561719 0.037500 0.026562
0 0.042969 0.592187 0.039062 0.034375
0 0.058594 0.628906 0.035937 0.029687
0 0.073438 0.664062 0.034375 0.028125
0 0.007812 0.573438 0.015625 0.034375
0 0.015625 0.613281 0.031250 0.035937
0 0.025781 0.650000 0.029687 0.028125
0 0.041406 0.681250 0.042188 0.028125
0 0.049219 0.712500 0.035937 0.028125
0 0.007812 0.663281 0.012500 0.045312
0 0.012500 0.707031 0.025000 0.029687
0 0.018750 0.741406 0.034375 0.029687
0 0.028125 0.775000 0.034375 0.025000
0 0.037500 0.804688 0.034375 0.028125
0 0.050781 0.836719 0.032813 0.026562
0 0.064062 0.867188 0.037500 0.028125
0 0.075781 0.895312 0.029687 0.021875
0 0.082031 0.921875 0.035937 0.025000
0 0.092188 0.946094 0.040625 0.026562
0 0.107813 0.969531 0.031250 0.014063
0 0.117969 0.987500 0.026562 0.018750
0 0.010937 0.814844 0.021875 0.051562
0 0.021094 0.857812 0.035937 0.031250
0 0.031250 0.893750 0.043750 0.031250
0 0.042969 0.922656 0.032813 0.020313
0 0.053125 0.946875 0.031250 0.021875
0 0.067187 0.969531 0.040625 0.020313
0 0.078906 0.989844 0.042188 0.017188
0 0.013281 0.911719 0.026562 0.035937
0 0.023438 0.949219 0.037500 0.026562
0 0.032031 0.979688 0.039062 0.028125
0 0.056250 0.742188 0.034375 0.031250
0 0.064844 0.774219 0.042188 0.029687
0 0.077344 0.806250 0.035937 0.028125
0 0.089844 0.839063 0.035937 0.031250
0 0.103906 0.872656 0.039062 0.029687
0 0.117188 0.903906 0.043750 0.026562
0 0.128906 0.931250 0.042188 0.025000
0 0.142969 0.957812 0.039062 0.021875
0 0.152344 0.982031 0.029687 0.020313
0 0.082812 0.696094 0.028125 0.029687
0 0.095312 0.733594 0.043750 0.032813
0 0.107031 0.770312 0.042188 0.034375
0 0.117969 0.804688 0.042188 0.025000
0 0.125000 0.834375 0.037500 0.031250
0 0.139063 0.867188 0.037500 0.028125
0 0.154688 0.903906 0.040625 0.029687
0 0.172656 0.935937 0.039062 0.025000
0 0.184375 0.962500 0.034375 0.025000
0 0.193750 0.985938 0.037500 0.018750
0 0.117188 0.691406 0.040625 0.026562
0 0.131250 0.718750 0.050000 0.021875
0 0.136719 0.742969 0.039062 0.026562
0 0.151562 0.771094 0.040625 0.026562
0 0.160156 0.797656 0.042188 0.029687
0 0.165625 0.826562 0.040625 0.025000
0 0.177344 0.857031 0.048438 0.026562
0 0.191406 0.888281 0.045312 0.026562
0 0.203125 0.914844 0.046875 0.023438
0 0.210938 0.939063 0.034375 0.021875
0 0.219531 0.961719 0.026562 0.014063
0 0.231250 0.985938 0.034375 0.025000
0 0.169531 0.700781 0.042188 0.023438
0 0.178906 0.728125 0.039062 0.028125
0 0.185156 0.756250 0.035937 0.025000
0 0.199219 0.785156 0.042188 0.023438
0 0.206250 0.812500 0.034375 0.025000
0 0.217188 0.839844 0.037500 0.020313
0 0.226562 0.861719 0.034375 0.023438
0 0.236719 0.889062 0.042188 0.031250
0 0.248438 0.915625 0.034375 0.018750
0 0.250781 0.942187 0.042188 0.025000
0 0.264062 0.967969 0.046875 0.023438
0 0.274219 0.989062 0.042188 0.012500
0 0.214844 0.699219 0.042188 0.026562
0 0.222656 0.730469 0.042188 0.029687
0 0.229687 0.762500 0.040625 0.031250
0 0.240625 0.794531 0.040625 0.026562
0 0.253906 0.823438 0.042188 0.028125
0 0.264062 0.853125 0.040625 0.031250
0 0.278125 0.882031 0.040625 0.023438
0 0.288281 0.910156 0.048438 0.026562
0 0.298438 0.939063 0.046875 0.028125
0 0.307812 0.963281 0.040625 0.020313
0 0.314844 0.985156 0.035937 0.023438
0 0.256250 0.692969 0.040625 0.023438
0 0.263281 0.720313 0.035937 0.025000
0 0.272656 0.748437 0.045312 0.031250
0 0.275781 0.778906 0.039062 0.026562
0 0.288281 0.806250 0.042188 0.025000
0 0.300781 0.835156 0.045312 0.032813
0 0.312500 0.866406 0.043750 0.026562
0 0.325781 0.896875 0.042188 0.025000
0 0.337500 0.924219 0.040625 0.029687
0 0.350000 0.952344 0.046875 0.023438
0 0.354687 0.975000 0.046875 0.015625
0 0.361719 0.991406 0.051562 0.014063
0 0.292969 0.691406 0.035937 0.026562
0 0.303906 0.720313 0.032813 0.031250
0 0.313281 0.749219 0.029687 0.023438
0 0.323437 0.778125 0.037500 0.028125
0 0.332813 0.807813 0.043750 0.021875
0 0.342969 0.835156 0.035937 0.026562
0 0.356250 0.867188 0.034375 0.025000
0 0.367969 0.895312 0.039062 0.028125
0 0.382031 0.925000 0.039062 0.021875
0 0.392188 0.949219 0.031250 0.017188
0 0.399219 0.969531 0.039062 0.020313
0 0.409375 0.989062 0.034375 0.015625
0 0.328125 0.682813 0.031250 0.021875
0 0.335156 0.709375 0.032813 0.021875
0 0.341406 0.736719 0.032813 0.026562
0 0.350000 0.767969 0.034375 0.029687
0 0.364844 0.797656 0.035937 0.023438
0 0.375000 0.824219 0.034375 0.020313
0 0.385937 0.849219 0.040625 0.023438
0 0.395313 0.876563 0.037500 0.021875
0 0.410938 0.900781 0.037500 0.020313
0 0.422656 0.927344 0.039062 0.026562
0 0.434375 0.953906 0.040625 0.023438
0 0.444531 0.976562 0.039062 0.015625
0 0.363281 0.683594 0.032813 0.020313
0 0.375000 0.710156 0.037500 0.023438
0 0.383594 0.739062 0.045312 0.028125
0 0.391406 0.767969 0.042188 0.026562
0 0.403906 0.796875 0.032813 0.021875
0 0.414062 0.825000 0.037500 0.028125
0 0.427344 0.852344 0.032813 0.020313
0 0.435156 0.878125 0.032813 0.021875
0 0.450000 0.900781 0.034375 0.017188
0 0.464062 0.923438 0.034375 0.018750
0 0.471875 0.946875 0.034375 0.018750
0 0.479687 0.970313 0.037500 0.018750
0 0.448437 0.992969 0.031250 0.010937
0 0.488281 0.989844 0.039062 0.014063
0 0.406250 0.691406 0.037500 0.014063
0 0.415625 0.710938 0.034375 0.018750
0 0.431250 0.735156 0.043750 0.020313
0 0.435937 0.760156 0.043750 0.026562
0 0.443750 0.790625 0.043750 0.025000
0 0.454688 0.817187 0.046875 0.021875
0 0.461719 0.846875 0.039062 0.028125
0 0.473438 0.875000 0.037500 0.025000
0 0.485938 0.902344 0.034375 0.020313
0 0.499219 0.927344 0.029687 0.020313
0 0.510938 0.952344 0.031250 0.023438
0 0.525000 0.975781 0.037500 0.017188
0 0.530469 0.992188 0.032813 0.012500
0 0.446875 0.693750 0.037500 0.021875
0 0.454688 0.714844 0.028125 0.014063
0 0.472656 0.747656 0.026562 0.023438
0 0.480469 0.773438 0.032813 0.021875
0 0.487500 0.799219 0.031250 0.023438
0 0.500000 0.828125 0.031250 0.025000
0 0.509375 0.853906 0.034375 0.020313
0 0.518750 0.877344 0.037500 0.020313
0 0.526563 0.897656 0.025000 0.010937
0 0.539844 0.918750 0.045312 0.025000
0 0.543750 0.944531 0.040625 0.020313
0 0.554688 0.965625 0.037500 0.021875
0 0.569531 0.989062 0.032813 0.018750
0 0.476562 0.653906 0.031250 0.020313
0 0.483594 0.677344 0.026562 0.023438
0 0.491406 0.705469 0.032813 0.026562
0 0.499219 0.735938 0.039062 0.031250
0 0.513281 0.765625 0.035937 0.028125
0 0.525781 0.793750 0.039062 0.025000
0 0.539844 0.822656 0.039062 0.023438
0 0.547656 0.851562 0.039062 0.025000
0 0.561719 0.880469 0.032813 0.026562
0 0.575000 0.907031 0.034375 0.017188
0 0.593750 0.953125 0.031250 0.028125
0 0.587500 0.928125 0.025000 0.015625
0 0.602344 0.983594 0.029687 0.023438
0 0.517969 0.669531 0.032813 0.023438
0 0.527344 0.697656 0.035937 0.026562
0 0.538281 0.726562 0.032813 0.021875
0 0.548438 0.752344 0.037500 0.026562
0 0.563281 0.782031 0.039062 0.026562
0 0.578125 0.813281 0.031250 0.026562
0 0.585938 0.842969 0.031250 0.026562
0 0.599219 0.872656 0.032813 0.026562
0 0.608594 0.897656 0.029687 0.020313
0 0.617188 0.923438 0.034375 0.028125
0 0.629687 0.951562 0.028125 0.021875
0 0.638281 0.976562 0.035937 0.021875
0 0.648438 0.990625 0.031250 0.015625
0 0.551562 0.639844 0.028125 0.023438
0 0.557031 0.668750 0.042188 0.028125
0 0.572656 0.700000 0.039062 0.028125
0 0.583594 0.729688 0.035937 0.028125
0 0.596875 0.760156 0.040625 0.023438
0 0.610938 0.786719 0.037500 0.023438
0 0.619531 0.811719 0.039062 0.026562
0 0.628125 0.839844 0.034375 0.026562
0 0.639844 0.868750 0.039062 0.021875
0 0.650781 0.892969 0.035937 0.023438
0 0.658594 0.921875 0.042188 0.021875
0 0.667969 0.946094 0.035937 0.020313
0 0.674219 0.967187 0.026562 0.018750
0 0.689844 0.987500 0.029687 0.018750
0 0.585938 0.632031 0.028125 0.023438
0 0.592187 0.661719 0.025000 0.023438
0 0.605469 0.688281 0.035937 0.023438
0 0.612500 0.712500 0.028125 0.018750
0 0.625781 0.739844 0.035937 0.026562
0 0.639062 0.766406 0.031250 0.023438
0 0.651563 0.794531 0.034375 0.023438
0 0.659375 0.821875 0.034375 0.025000
0 0.667188 0.850000 0.031250 0.021875
0 0.686719 0.899219 0.032813 0.023438
0 0.677344 0.874219 0.029687 0.020313
0 0.700000 0.924219 0.034375 0.017188
0 0.710938 0.948438 0.040625 0.021875
0 0.717187 0.971094 0.037500 0.017188
0 0.727344 0.988281 0.039062 0.017188
0 0.616406 0.630469 0.023438 0.014063
0 0.617969 0.653125 0.023438 0.018750
0 0.623437 0.676562 0.015625 0.018750
0 0.631250 0.700000 0.012500 0.021875
0 0.652344 0.643750 0.026562 0.010000
0 0.657813 0.665625 0.040625 0.025000
0 0.647656 0.695312 0.026562 0.021875
0 0.658594 0.721094 0.029687 0.026562
0 0.668750 0.747656 0.031250 0.020313
0 0.676562 0.771875 0.034375 0.028125
0 0.686719 0.796875 0.039062 0.028125
0 0.700781 0.827344 0.039062 0.026562
0 0.710156 0.853906 0.039062 0.023438
0 0.717969 0.881250 0.039062 0.021875
0 0.730469 0.905469 0.045312 0.023438
0 0.741406 0.934375 0.039062 0.025000
0 0.748437 0.957031 0.037500 0.023438
0 0.759375 0.979688 0.040625 0.015625
0 0.770312 0.991406 0.018750 0.010937
0 0.682813 0.686719 0.040625 0.017188
0 0.686719 0.706250 0.042188 0.018750
0 0.696875 0.728906 0.040625 0.020313
0 0.707812 0.750781 0.037500 0.023438
0 0.718750 0.778125 0.043750 0.028125
0 0.728906 0.805469 0.039062 0.020313
0 0.739062 0.832031 0.037500 0.029687
0 0.753125 0.863281 0.040625 0.026562
0 0.763281 0.892969 0.035937 0.026562
0 0.777344 0.920312 0.042188 0.021875
0 0.795312 0.960938 0.034375 0.015625
0 0.784375 0.941406 0.037500 0.017188
0 0.808594 0.984375 0.035937 0.025000
0 0.689063 0.640625 0.037500 0.018750
0 0.704688 0.664062 0.040625 0.028125
0 0.722656 0.692187 0.039062 0.025000
0 0.735938 0.720313 0.040625 0.021875
0 0.749219 0.747656 0.039062 0.023438
0 0.759375 0.771094 0.037500 0.020313
0 0.767969 0.799219 0.042188 0.026562
0 0.782031 0.827344 0.042188 0.026562
0 0.792969 0.853906 0.042188 0.020313
0 0.804688 0.878906 0.040625 0.023438
0 0.814844 0.900781 0.039062 0.017188
0 0.825000 0.923438 0.043750 0.018750
0 0.829688 0.946094 0.040625 0.020313
0 0.841406 0.967187 0.042188 0.012500
0 0.851562 0.985938 0.037500 0.018750
0 0.742188 0.636719 0.037500 0.023438
0 0.753906 0.662500 0.039062 0.021875
0 0.764062 0.689063 0.040625 0.025000
0 0.778125 0.716406 0.037500 0.020313
0 0.784375 0.741406 0.034375 0.017188
0 0.796875 0.766406 0.037500 0.026562
0 0.810156 0.794531 0.032813 0.023438
0 0.816406 0.818750 0.029687 0.025000
0 0.830469 0.843750 0.029687 0.015625
0 0.838281 0.866406 0.029687 0.023438
0 0.847656 0.892969 0.035937 0.023438
0 0.861719 0.918750 0.029687 0.025000
0 0.874219 0.943750 0.032813 0.018750
0 0.881250 0.965625 0.031250 0.025000
0 0.885938 0.986719 0.025000 0.014063
0 0.781250 0.625781 0.031250 0.026562
0 0.786719 0.657031 0.029687 0.026562
0 0.792969 0.679688 0.035937 0.015625
0 0.804688 0.700781 0.031250 0.023438
0 0.816406 0.725781 0.032813 0.023438
0 0.825781 0.750781 0.032813 0.017188
0 0.837500 0.775000 0.028125 0.025000
0 0.848437 0.801562 0.037500 0.021875
0 0.857812 0.828906 0.040625 0.020313
0 0.867969 0.853125 0.035937 0.021875
0 0.877344 0.878125 0.035937 0.021875
0 0.896094 0.921875 0.035937 0.018750
0 0.886719 0.898438 0.029687 0.015625
0 0.907813 0.942187 0.034375 0.021875
0 0.914844 0.959375 0.029687 0.015625
0 0.918750 0.981250 0.037500 0.021875
0 0.817969 0.614062 0.026562 0.015625
0 0.817187 0.633594 0.037500 0.023438
0 0.824219 0.658594 0.035937 0.017188
0 0.832031 0.682813 0.032813 0.018750
0 0.851562 0.726562 0.037500 0.025000
0 0.861719 0.751563 0.042188 0.018750
0 0.843750 0.703125 0.037500 0.018750
0 0.873437 0.775000 0.037500 0.021875
0 0.885938 0.800000 0.037500 0.021875
0 0.896094 0.823438 0.032813 0.021875
0 0.907031 0.847656 0.035937 0.020313
0 0.912500 0.868750 0.034375 0.015625
0 0.917969 0.889062 0.035937 0.021875
0 0.928906 0.910156 0.042188 0.020313
0 0.948438 0.952344 0.037500 0.020313
0 0.954688 0.972656 0.031250 0.014063
0 0.966406 0.988281 0.045312 0.010937
0 0.935937 0.928125 0.025000 0.012500
0 0.851562 0.618750 0.031250 0.012500
0 0.857812 0.639844 0.028125 0.020313
0 0.864062 0.660156 0.031250 0.014063
0 0.872656 0.680469 0.045312 0.017188
0 0.885156 0.700000 0.039062 0.018750
0 0.892969 0.723437 0.035937 0.021875
0 0.906250 0.749219 0.034375 0.020313
0 0.910937 0.771875 0.034375 0.018750
0 0.933594 0.815625 0.039062 0.018750
0 0.921875 0.792969 0.031250 0.014063
0 0.942969 0.842969 0.035937 0.020313
0 0.952344 0.863281 0.035937 0.014063
0 0.957812 0.881250 0.037500 0.015625
0 0.971094 0.918750 0.035937 0.015625
0 0.978125 0.938281 0.034375 0.017188
0 0.985938 0.960938 0.021875 0.021875
0 0.965625 0.900000 0.031250 0.015625
