0 0.973437 0.007812 -0.031250 -0.015625
0 0.983594 0.025000 0.029687 0.025000
0 0.934375 0.014063 0.040625 0.025000
0 0.946875 0.040625 0.040625 0.025000
0 0.957812 0.062500 0.043750 0.021875
0 0.967187 0.083594 0.034375 0.023438
0 0.976562 0.110937 0.040625 0.021875
0 0.982031 0.135937 0.029687 0.018750
0 0.991406 0.155469 0.014063 0.017188
0 0.986719 0.050000 0.023438 0.021875
0 0.991406 0.072656 0.010937 0.023438
0 0.890625 0.017188 0.043750 0.031250
0 0.901563 0.044531 0.031250 0.026562
0 0.917969 0.074219 0.039062 0.029687
0 0.931250 0.110156 0.037500 0.029687
0 0.946875 0.138281 0.037500 0.032813
0 0.953125 0.167187 0.034375 0.025000
0 0.960938 0.193750 0.034375 0.028125
0 0.987500 0.180469 0.015625 0.029687
0 0.973437 0.226562 0.040625 0.028125
0 0.989062 0.203906 0.012500 0.017188
0 0.979688 0.256250 0.031250 0.025000
0 0.986719 0.280469 0.014063 0.023438
0 0.991406 0.302344 0.007812 0.010937
0 0.850781 0.014063 0.035937 0.025000
0 0.855469 0.041406 0.035937 0.026562
0 0.871094 0.063281 0.029687 0.026562
0 0.880469 0.091406 0.029687 0.035937
0 0.893750 0.125000 0.031250 0.031250
0 0.903125 0.154688 0.028125 0.025000
0 0.914844 0.185938 0.032813 0.037500
0 0.930469 0.223438 0.042188 0.031250
0 0.941406 0.255469 0.035937 0.026562
0 0.955469 0.288281 0.032813 0.029687
0 0.975000 0.317969 0.037500 0.023438
0 0.984375 0.341406 0.028125 0.023438
0 0.992969 0.371094 0.007812 0.026562
0 0.811719 0.017969 0.035937 0.029687
0 0.821875 0.046875 0.031250 0.028125
0 0.833594 0.075000 0.042188 0.025000
0 0.838281 0.097656 0.032813 0.023438
0 0.850000 0.117969 0.037500 0.020313
0 0.857812 0.138281 0.034375 0.029687
0 0.866406 0.169531 0.032813 0.029687
0 0.878125 0.202344 0.037500 0.026562
0 0.884375 0.230469 0.040625 0.026562
0 0.894531 0.258594 0.045312 0.026562
0 0.910156 0.287500 0.042188 0.028125
0 0.921875 0.317188 0.040625 0.034375
0 0.939063 0.352344 0.040625 0.035937
0 0.952344 0.384375 0.039062 0.031250
0 0.965625 0.411719 0.043750 0.023438
0 0.970313 0.443750 0.040625 0.046875
0 0.765625 0.011719 0.040625 0.020313
0 0.776563 0.035937 0.037500 0.028125
0 0.785937 0.063281 0.040625 0.029687
0 0.792969 0.086719 0.042188 0.026562
0 0.803906 0.113281 0.039062 0.029687
0 0.816406 0.144531 0.045312 0.029687
0 0.828125 0.176563 0.046875 0.034375
0 0.841406 0.215625 0.042188 0.034375
0 0.855469 0.253125 0.048438 0.028125
0 0.867188 0.289844 0.040625 0.035937
0 0.882031 0.322656 0.045312 0.035937
0 0.893750 0.355469 0.046875 0.029687
0 0.907031 0.385937 0.048438 0.025000
0 0.920312 0.415625 0.046875 0.031250
0 0.928906 0.446094 0.039062 0.029687
0 0.936719 0.469531 0.039062 0.020313
0 0.943750 0.492188 0.037500 0.034375
0 0.725781 0.014063 0.035937 0.025000
0 0.731250 0.037500 0.037500 0.031250
0 0.739844 0.063281 0.039062 0.023438
0 0.746094 0.087500 0.042188 0.028125
0 0.759375 0.117969 0.040625 0.029687
0 0.769531 0.146094 0.039062 0.029687
0 0.776563 0.173437 0.040625 0.028125
0 0.793750 0.197656 0.034375 0.023438
0 0.808594 0.228125 0.048438 0.034375
0 0.817187 0.258594 0.040625 0.032813
0 0.826562 0.286719 0.034375 0.026562
0 0.839063 0.317188 0.034375 0.031250
0 0.846094 0.346094 0.039062 0.026562
0 0.859375 0.375000 0.040625 0.028125
0 0.868750 0.405469 0.046875 0.032813
0 0.882812 0.435156 0.043750 0.026562
0 0.890625 0.471875 0.043750 0.040625
0 0.911719 0.516406 0.032813 0.032813
0 0.691406 0.017188 0.039062 0.031250
0 0.696875 0.043750 0.031250 0.028125
0 0.701562 0.067969 0.034375 0.023438
0 0.711719 0.099219 0.035937 0.029687
0 0.721875 0.129688 0.037500 0.034375
0 0.739062 0.158594 0.037500 0.026562
0 0.748437 0.189844 0.034375 0.026562
0 0.762500 0.218750 0.037500 0.037500
0 0.778125 0.260156 0.034375 0.039062
0 0.791406 0.300781 0.039062 0.042188
0 0.805469 0.331250 0.039062 0.031250
0 0.816406 0.359375 0.042188 0.025000
0 0.822656 0.388281 0.045312 0.032813
0 0.827344 0.413281 0.042188 0.023438
0 0.830469 0.433594 0.039062 0.020313
0 0.842187 0.457031 0.037500 0.029687
0 0.859375 0.500781 0.037500 0.032813
0 0.866406 0.540625 0.032813 0.040625
0 0.644531 0.017969 0.042188 0.035937
0 0.657031 0.048438 0.042188 0.028125
0 0.663281 0.077344 0.039062 0.029687
0 0.668750 0.106250 0.043750 0.028125
0 0.682813 0.139063 0.046875 0.028125
0 0.690625 0.167187 0.053125 0.028125
0 0.702344 0.194531 0.054688 0.029687
0 0.724219 0.225000 0.051562 0.031250
0 0.733594 0.256250 0.054688 0.028125
0 0.746094 0.289844 0.057813 0.029687
0 0.757812 0.321875 0.050000 0.031250
0 0.771094 0.357031 0.048438 0.039062
0 0.782031 0.386719 0.048438 0.020313
0 0.787500 0.412500 0.043750 0.031250
0 0.793750 0.440625 0.046875 0.021875
0 0.803906 0.463281 0.035937 0.029687
0 0.821094 0.535937 0.045312 0.040625
0 0.839063 0.577344 0.034375 0.035937
0 0.598437 0.014063 0.046875 0.028125
0 0.604688 0.044531 0.046875 0.029687
0 0.620313 0.079687 0.043750 0.031250
0 0.625781 0.110156 0.039062 0.029687
0 0.635156 0.137500 0.035937 0.021875
0 0.644531 0.165625 0.039062 0.028125
0 0.653906 0.195312 0.045312 0.028125
0 0.665625 0.223438 0.056250 0.028125
0 0.678906 0.257031 0.057813 0.032813
0 0.695312 0.289844 0.050000 0.029687
0 0.702344 0.317969 0.048438 0.023438
0 0.727344 0.345313 0.045312 0.031250
0 0.729688 0.372656 0.040625 0.026562
0 0.740625 0.407031 0.046875 0.032813
0 0.746875 0.439844 0.046875 0.035937
0 0.762500 0.470313 0.043750 0.028125
0 0.772656 0.503125 0.045312 0.037500
0 0.792188 0.570312 0.037500 0.034375
0 0.803906 0.597656 0.032813 0.026562
0 0.550781 0.013281 0.048438 0.026562
0 0.561719 0.040625 0.039062 0.031250
0 0.577344 0.069531 0.035937 0.023438
0 0.578125 0.097656 0.043750 0.032813
0 0.597656 0.127344 0.039062 0.032813
0 0.605469 0.160156 0.035937 0.026562
0 0.614844 0.192188 0.042188 0.031250
0 0.626563 0.221875 0.031250 0.031250
0 0.638281 0.257031 0.042188 0.026562
0 0.647656 0.285156 0.042188 0.032813
0 0.660937 0.316406 0.034375 0.035937
0 0.678125 0.350000 0.046875 0.028125
0 0.687500 0.382812 0.040625 0.034375
0 0.701562 0.417187 0.037500 0.031250
0 0.711719 0.450000 0.039062 0.031250
0 0.723437 0.478125 0.040625 0.031250
0 0.732031 0.505469 0.051562 0.029687
0 0.739844 0.535156 0.051562 0.029687
0 0.750000 0.564844 0.043750 0.026562
0 0.760156 0.598437 0.042188 0.043750
0 0.503906 0.010156 0.042188 0.020313
0 0.513281 0.034375 0.039062 0.021875
0 0.524219 0.064844 0.042188 0.026562
0 0.535156 0.092188 0.039062 0.031250
0 0.550000 0.122656 0.046875 0.026562
0 0.560156 0.153906 0.042188 0.029687
0 0.570312 0.183594 0.040625 0.029687
0 0.586719 0.216406 0.045312 0.026562
0 0.597656 0.244531 0.039062 0.029687
0 0.603125 0.275000 0.040625 0.028125
0 0.616406 0.303125 0.039062 0.028125
0 0.630469 0.336719 0.045312 0.029687
0 0.634375 0.367969 0.050000 0.032813
0 0.651563 0.400781 0.050000 0.035937
0 0.664844 0.435156 0.042188 0.032813
0 0.675781 0.466406 0.042188 0.032813
0 0.684375 0.499219 0.040625 0.032813
0 0.693750 0.533594 0.040625 0.032813
0 0.707812 0.565625 0.037500 0.031250
0 0.714063 0.598437 0.040625 0.034375
0 0.726562 0.632812 0.034375 0.034375
0 0.462500 0.012500 0.040625 0.021875
0 0.469531 0.035156 0.042188 0.026562
0 0.478125 0.062500 0.040625 0.034375
0 0.492969 0.092188 0.045312 0.031250
0 0.503906 0.118750 0.032813 0.021875
0 0.517188 0.149219 0.040625 0.032813
0 0.535156 0.186719 0.051562 0.042188
0 0.545312 0.225781 0.037500 0.035937
0 0.564844 0.257812 0.042188 0.031250
0 0.574219 0.290625 0.035937 0.028125
0 0.586719 0.321875 0.039062 0.034375
0 0.595313 0.351562 0.034375 0.028125
0 0.601562 0.381250 0.040625 0.037500
0 0.615625 0.421875 0.043750 0.028125
0 0.628906 0.453906 0.042188 0.029687
0 0.642969 0.491406 0.042188 0.045312
0 0.654687 0.528906 0.037500 0.029687
0 0.664062 0.558594 0.037500 0.029687
0 0.671094 0.585938 0.042188 0.021875
0 0.678906 0.610938 0.045312 0.034375
0 0.691406 0.645312 0.042188 0.028125
0 0.696875 0.668750 0.031250 0.012500
0 0.425000 0.015625 0.037500 0.028125
0 0.432812 0.040625 0.031250 0.028125
0 0.437500 0.065625 0.034375 0.021875
0 0.446875 0.090625 0.034375 0.031250
0 0.460156 0.121094 0.035937 0.023438
0 0.472656 0.142969 0.042188 0.020313
0 0.477344 0.170313 0.045312 0.028125
0 0.486719 0.202344 0.045312 0.023438
0 0.502344 0.227344 0.035937 0.032813
0 0.518750 0.260156 0.040625 0.039062
0 0.530469 0.291406 0.035937 0.035937
0 0.540625 0.325000 0.034375 0.028125
0 0.552344 0.353125 0.042188 0.025000
0 0.560156 0.382812 0.035937 0.028125
0 0.565625 0.410938 0.043750 0.028125
0 0.581250 0.439063 0.043750 0.034375
0 0.589844 0.471094 0.042188 0.026562
0 0.596094 0.496875 0.045312 0.025000
0 0.607812 0.530469 0.046875 0.032813
0 0.618750 0.563281 0.043750 0.032813
0 0.631250 0.601562 0.046875 0.031250
0 0.641406 0.632812 0.042188 0.021875
0 0.648438 0.656250 0.040625 0.028125
0 0.385156 0.014844 0.045312 0.029687
0 0.391406 0.044531 0.032813 0.032813
0 0.342969 0.014844 0.042188 0.029687
0 0.308594 0.015625 -0.032813 -0.028125
0 0.245312 0.031250 0.000000 0.000000
0 0.240625 0.003125 0.000000 0.000000
0 0.225000 0.019531 -0.046875 -0.035937
0 0.268750 0.016406 -0.040625 -0.029687
0 0.181250 0.014844 -0.037500 -0.026562
0 0.138281 0.008594 -0.048438 -0.014063
0 0.087500 0.009375 -0.034375 -0.015625
0 0.046094 0.010937 -0.051562 -0.018750
0 0.399219 0.078906 0.039062 0.029687
0 0.412500 0.107813 0.040625 0.028125
0 0.426563 0.139063 0.050000 0.034375
0 0.434375 0.173437 0.043750 0.031250
0 0.445312 0.204687 0.034375 0.028125
0 0.456250 0.232813 0.043750 0.025000
0 0.472656 0.260156 0.045312 0.035937
0 0.494531 0.294531 0.039062 0.029687
0 0.501563 0.327344 0.040625 0.029687
0 0.510938 0.364844 0.043750 0.032813
0 0.522656 0.392969 0.035937 0.023438
0 0.530469 0.424219 0.042188 0.035937
0 0.539062 0.460938 0.046875 0.034375
0 0.553906 0.495312 0.039062 0.031250
0 0.559375 0.526563 0.043750 0.028125
0 0.578906 0.555469 0.045312 0.026562
0 0.585938 0.585938 0.046875 0.034375
0 0.594531 0.620313 0.048438 0.031250
0 0.357031 0.046094 0.042188 0.035937
0 0.363281 0.079687 0.039062 0.034375
0 0.371875 0.111719 0.037500 0.026562
0 0.381250 0.139844 0.040625 0.029687
0 0.392969 0.171094 0.045312 0.029687
0 0.403906 0.202344 0.051562 0.029687
0 0.414062 0.234375 0.046875 0.031250
0 0.428125 0.264844 0.040625 0.032813
0 0.445312 0.296094 0.046875 0.032813
0 0.456250 0.325781 0.043750 0.023438
0 0.466406 0.353906 0.045312 0.026562
0 0.471094 0.382031 0.035937 0.017188
0 0.480469 0.408594 0.039062 0.032813
0 0.492969 0.441406 0.039062 0.026562
0 0.496875 0.471875 0.046875 0.025000
0 0.510938 0.498437 0.040625 0.031250
0 0.520312 0.531250 0.046875 0.031250
0 0.531250 0.560156 0.040625 0.032813
0 0.541406 0.587500 0.045312 0.031250
0 0.550781 0.614844 0.032813 0.017188
0 0.557031 0.645312 0.054688 0.034375
0 0.310937 0.042188 0.037500 0.021875
0 0.315625 0.068750 0.034375 0.028125
0 0.325000 0.100781 0.034375 0.026562
0 0.334375 0.129688 0.034375 0.028125
0 0.344531 0.156250 0.035937 0.031250
0 0.354687 0.185156 0.037500 0.026562
0 0.364063 0.221094 0.043750 0.045312
0 0.379688 0.264062 0.040625 0.046875
0 0.398438 0.299219 0.037500 0.032813
0 0.409375 0.329688 0.037500 0.028125
0 0.422656 0.360938 0.039062 0.031250
0 0.434375 0.391406 0.046875 0.032813
0 0.446875 0.425781 0.040625 0.029687
0 0.455469 0.454688 0.032813 0.031250
0 0.467969 0.485938 0.039062 0.031250
0 0.481250 0.521094 0.050000 0.032813
0 0.482031 0.549219 0.045312 0.023438
0 0.489063 0.575781 0.040625 0.029687
0 0.496094 0.599219 0.042188 0.023438
0 0.507812 0.623437 0.034375 0.031250
0 0.515625 0.651563 0.034375 0.025000
0 0.272656 0.048438 0.042188 0.031250
0 0.274219 0.078906 0.035937 0.026562
0 0.278125 0.103125 0.043750 0.025000
0 0.296094 0.128906 0.042188 0.023438
0 0.304688 0.157812 0.040625 0.031250
0 0.318750 0.189844 0.037500 0.032813
0 0.327344 0.221094 0.042188 0.029687
0 0.337500 0.249219 0.043750 0.026562
0 0.353906 0.281250 0.035937 0.028125
0 0.359375 0.307031 0.037500 0.020313
0 0.372656 0.332813 0.035937 0.031250
0 0.382812 0.368750 0.040625 0.034375
0 0.392188 0.400781 0.034375 0.032813
0 0.403906 0.433594 0.042188 0.032813
0 0.418750 0.468750 0.053125 0.031250
0 0.426563 0.509375 0.043750 0.037500
0 0.435937 0.540625 0.037500 0.028125
0 0.443750 0.577344 0.046875 0.039062
0 0.454688 0.612500 0.034375 0.037500
0 0.472656 0.648438 0.035937 0.028125
0 0.232813 0.050781 0.040625 0.032813
0 0.235937 0.085938 0.037500 0.034375
0 0.246094 0.117969 0.035937 0.035937
0 0.259375 0.143750 0.040625 0.034375
0 0.269531 0.175781 0.042188 0.029687
0 0.278906 0.203125 0.039062 0.031250
0 0.288281 0.243750 0.045312 0.034375
0 0.309375 0.281250 0.050000 0.037500
0 0.321875 0.314844 0.043750 0.029687
0 0.331250 0.346875 0.037500 0.034375
0 0.342969 0.382031 0.045312 0.032813
0 0.353906 0.419531 0.045312 0.032813
0 0.361719 0.452344 0.045312 0.032813
0 0.369531 0.486719 0.045312 0.023438
0 0.378906 0.510156 0.039062 0.029687
0 0.393750 0.543750 0.046875 0.031250
0 0.399219 0.575781 0.032813 0.035937
0 0.413281 0.610156 0.045312 0.026562
0 0.426563 0.636719 0.050000 0.026562
0 0.430469 0.659375 0.042188 0.025000
0 0.185156 0.042188 0.042188 0.028125
0 0.192188 0.072656 0.037500 0.026562
0 0.203125 0.099219 0.034375 0.032813
0 0.211719 0.128125 0.039062 0.028125
0 0.221875 0.157812 0.043750 0.031250
0 0.229687 0.186719 0.043750 0.023438
0 0.242969 0.214062 0.035937 0.028125
0 0.253125 0.246875 0.037500 0.037500
0 0.262500 0.281250 0.043750 0.031250
0 0.271094 0.314063 0.042188 0.031250
0 0.288281 0.347656 0.042188 0.029687
0 0.304688 0.383594 0.050000 0.035937
0 0.312500 0.415625 0.040625 0.018750
0 0.322656 0.446875 0.032813 0.040625
0 0.335156 0.485156 0.042188 0.029687
0 0.341406 0.513281 0.035937 0.035937
0 0.350781 0.547656 0.039062 0.035937
0 0.361719 0.582031 0.045312 0.029687
0 0.369531 0.615625 0.045312 0.037500
0 0.375000 0.650000 0.043750 0.021875
0 0.388281 0.668750 0.039062 0.015625
0 0.139844 0.032031 0.039062 0.029687
0 0.147656 0.061719 0.039062 0.026562
0 0.160938 0.096094 0.037500 0.032813
0 0.170313 0.131250 0.040625 0.037500
0 0.184375 0.168750 0.043750 0.034375
0 0.196094 0.203906 0.045312 0.026562
0 0.209375 0.227344 0.031250 0.029687
0 0.219531 0.258594 0.035937 0.029687
0 0.228906 0.293750 0.045312 0.034375
0 0.239844 0.328125 0.042188 0.031250
0 0.253906 0.359375 0.042188 0.025000
0 0.260156 0.392188 0.035937 0.031250
0 0.274219 0.430469 0.042188 0.035937
0 0.285156 0.468750 0.039062 0.028125
0 0.300000 0.494531 0.037500 0.017188
0 0.302344 0.515625 0.035937 0.028125
0 0.306250 0.544531 0.034375 0.026562
0 0.318750 0.573438 0.040625 0.031250
0 0.327344 0.610156 0.045312 0.035937
0 0.334375 0.638281 0.037500 0.023438
0 0.342969 0.661719 0.039062 0.023438
0 0.096875 0.030469 0.040625 0.023438
0 0.103906 0.057813 0.039062 0.025000
0 0.110937 0.087500 0.046875 0.031250
0 0.124219 0.120313 0.042188 0.034375
0 0.132031 0.150781 0.045312 0.017188
0 0.142969 0.175000 0.048438 0.034375
0 0.157812 0.205469 0.043750 0.035937
0 0.171094 0.242188 0.045312 0.037500
0 0.181250 0.267188 0.046875 0.021875
0 0.189062 0.301563 0.050000 0.034375
0 0.200000 0.338281 0.050000 0.035937
0 0.210156 0.375781 0.048438 0.035937
0 0.219531 0.411719 0.042188 0.029687
0 0.232031 0.446094 0.039062 0.032813
0 0.242188 0.479687 0.046875 0.028125
0 0.253125 0.510156 0.043750 0.032813
0 0.266406 0.541406 0.039062 0.023438
0 0.269531 0.571094 0.042188 0.026562
0 0.278125 0.600000 0.040625 0.021875
0 0.287500 0.621875 0.050000 0.028125
0 0.293750 0.655469 0.043750 0.026562
0 0.054688 0.036719 0.046875 0.023438
0 0.058594 0.065625 0.039062 0.031250
0 0.067969 0.095312 0.032813 0.025000
0 0.082812 0.123438 0.037500 0.031250
0 0.089844 0.157031 0.029687 0.029687
0 0.100781 0.184375 0.032813 0.031250
0 0.112500 0.217969 0.034375 0.029687
0 0.122656 0.242188 0.029687 0.040625
0 0.139063 0.276562 0.037500 0.021875
0 0.148438 0.303906 0.037500 0.032813
0 0.156250 0.335156 0.031250 0.042188
0 0.168750 0.378906 0.034375 0.035937
0 0.178906 0.419531 0.032813 0.039062
0 0.195312 0.457813 0.040625 0.028125
0 0.203906 0.492188 0.035937 0.028125
0 0.215625 0.526563 0.037500 0.031250
0 0.230469 0.566406 0.048438 0.026562
0 0.232031 0.594531 0.042188 0.032813
0 0.249219 0.630469 0.023438 0.023438
0 0.255469 0.657813 0.035937 0.028125
0 0.011719 0.021875 -0.023438 -0.034375
0 0.017969 0.057813 -0.026562 -0.034375
0 0.028906 0.094531 0.035937 0.035937
0 0.039844 0.136719 0.032813 0.032813
0 0.055469 0.170313 0.039062 0.028125
0 0.064844 0.209375 0.032813 0.037500
0 0.082812 0.250000 0.043750 0.037500
0 0.096875 0.290625 0.043750 0.034375
0 0.107031 0.327344 0.039062 0.026562
0 0.125000 0.362500 0.040625 0.037500
0 0.134375 0.400000 0.040625 0.034375
0 0.145313 0.435156 0.043750 0.035937
0 0.150000 0.471094 0.040625 0.039062
0 0.164844 0.508594 0.042188 0.026562
0 0.178125 0.544531 0.037500 0.032813
0 0.187500 0.581250 0.040625 0.034375
0 0.198437 0.614062 0.037500 0.031250
0 0.207031 0.645312 0.042188 0.025000
0 0.217969 0.667969 0.035937 0.017188
0 0.014844 0.117188 -0.023438 -0.040625
0 0.018750 0.159375 -0.037500 -0.031250
0 0.025000 0.191406 -0.034375 -0.029687
0 0.033594 0.222656 0.029687 0.032813
0 0.045312 0.260937 0.034375 0.043750
0 0.057813 0.304688 0.037500 0.031250
0 0.067187 0.340625 0.040625 0.031250
0 0.085938 0.375000 0.046875 0.025000
0 0.098437 0.407813 0.037500 0.034375
0 0.107031 0.443750 0.029687 0.034375
0 0.118750 0.479687 0.028125 0.028125
0 0.129688 0.511719 0.037500 0.029687
0 0.141406 0.545312 0.042188 0.031250
0 0.142969 0.578906 0.039062 0.032813
0 0.159375 0.613281 0.043750 0.035937
0 0.171875 0.645312 0.031250 0.018750
0 0.189062 0.676562 0.037500 0.028125
0 0.010156 0.218750 -0.017188 -0.046875
0 0.017969 0.264844 -0.026562 -0.035937
0 0.021875 0.304688 -0.037500 -0.037500
0 0.034375 0.346094 0.031250 0.035937
0 0.041406 0.382812 0.039062 0.031250
0 0.059375 0.420312 0.046875 0.037500
0 0.074219 0.454688 0.045312 0.034375
0 0.083594 0.492969 0.039062 0.032813
0 0.092969 0.528906 0.042188 0.029687
0 0.099219 0.557813 0.039062 0.034375
0 0.108594 0.593750 0.039062 0.031250
0 0.114844 0.631250 0.042188 0.037500
0 0.132031 0.668750 0.057813 0.034375
0 0.139844 0.698438 0.039062 0.025000
0 0.148438 0.728906 0.034375 0.035937
0 0.160156 0.760156 0.029687 0.023438
0 0.006250 0.329688 0.000000 0.000000
0 0.015625 0.384375 -0.028125 -0.034375
0 0.013281 0.348438 -0.017188 -0.037500
0 0.025781 0.419531 -0.042188 -0.032813
0 0.039062 0.461719 0.043750 0.035937
0 0.050000 0.495312 0.037500 0.031250
0 0.054688 0.532031 0.037500 0.035937
0 0.009375 0.469531 -0.018750 -0.045312
0 0.017969 0.502344 -0.035937 -0.023438
0 0.021094 0.535156 -0.035937 -0.032813
0 0.021094 0.567969 -0.039062 -0.026562
0 0.058594 0.570312 0.039062 0.034375
0 0.068750 0.607031 0.043750 0.032813
0 0.082812 0.643750 0.037500 0.028125
0 0.093750 0.678906 0.037500 0.032813
0 0.107813 0.711719 0.025000 0.023438
0 0.113281 0.743750 0.035937 0.037500
0 0.116406 0.779687 0.032813 0.031250
0 0.125781 0.809375 0.032813 0.028125
0 0.131250 0.835156 0.040625 0.023438
0 0.142187 0.863281 0.040625 0.029687
0 0.156250 0.893750 0.037500 0.031250
0 0.170313 0.923438 0.037500 0.028125
0 0.177344 0.955469 0.042188 0.032813
0 0.021875 0.600000 -0.043750 -0.034375
0 0.039844 0.639062 0.032813 0.037500
0 0.057813 0.678125 0.043750 0.037500
0 0.067969 0.724219 0.039062 0.042188
0 0.083594 0.770312 0.032813 0.034375
0 0.090625 0.806250 0.028125 0.037500
0 0.102344 0.846875 0.029687 0.028125
0 0.114844 0.874219 0.020313 0.020313
0 0.123438 0.900000 0.034375 0.034375
0 0.132812 0.928906 0.040625 0.023438
0 0.135156 0.955469 0.035937 0.029687
0 0.014063 0.639062 -0.021875 -0.037500
0 0.021094 0.682031 -0.035937 -0.042188
0 0.034375 0.729688 0.034375 0.040625
0 0.019531 0.732812 -0.032813 -0.043750
0 0.054688 0.767969 0.037500 0.035937
0 0.022656 0.773438 -0.032813 -0.034375
0 0.021875 0.807031 -0.034375 -0.029687
0 0.060937 0.807813 0.040625 0.037500
0 0.077344 0.848437 0.039062 0.043750
0 0.081250 0.885156 0.043750 0.029687
0 0.092188 0.919531 0.046875 0.032813
0 0.099219 0.952344 0.039062 0.020313
0 0.104688 0.980469 0.034375 0.029687
0 0.034375 0.843750 0.043750 0.037500
0 0.042969 0.881250 0.035937 0.031250
0 0.048438 0.912500 0.031250 0.037500
0 0.060156 0.948438 0.032813 0.028125
0 0.070312 0.978906 0.034375 0.029687
0 0.013281 0.880469 -0.023438 -0.039062
0 0.010156 0.846094 -0.017188 -0.032813
0 0.020313 0.919531 -0.031250 -0.035937
0 0.025781 0.947656 -0.045312 -0.032813
0 0.028125 0.979688 0.043750 0.031250
0 0.160938 0.786719 0.037500 0.039062
0 0.168750 0.823438 0.031250 0.034375
0 0.176563 0.854688 0.040625 0.025000
0 0.186719 0.880469 0.032813 0.026562
0 0.196094 0.907031 0.035937 0.029687
0 0.208594 0.938281 0.035937 0.032813
0 0.185156 0.710156 -0.039062 -0.035937
0 0.191406 0.745313 -0.032813 -0.034375
0 0.199219 0.785937 0.045312 0.043750
0 0.209375 0.820312 0.040625 0.028125
0 0.223438 0.849219 0.043750 0.035937
0 0.232813 0.885938 0.043750 0.028125
0 0.238281 0.921094 0.035937 0.039062
0 0.271875 0.889062 0.040625 0.034375
0 0.264844 0.852344 -0.035937 -0.039062
0 0.250000 0.822656 -0.037500 -0.023438
0 0.249219 0.799219 -0.042188 -0.032813
0 0.239844 0.771875 -0.042188 -0.025000
0 0.236719 0.744531 -0.048438 -0.023438
0 0.228125 0.709375 -0.040625 -0.043750
0 0.271875 0.691406 0.040625 0.032813
0 0.275000 0.722656 0.037500 0.032813
0 0.283594 0.748437 0.042188 0.028125
0 0.291406 0.778906 0.045312 0.035937
0 0.299219 0.810156 0.042188 0.026562
0 0.307812 0.837500 0.053125 0.028125
0 0.318750 0.875000 0.046875 0.040625
0 0.312500 0.689063 0.034375 0.037500
0 0.321875 0.722656 0.040625 0.039062
0 0.331250 0.755469 0.040625 0.026562
0 0.338281 0.784375 0.042188 0.028125
0 0.346094 0.812500 0.042188 0.028125
0 0.359375 0.845313 0.037500 0.037500
0 0.351562 0.686719 -0.040625 -0.026562
0 0.364063 0.724219 0.043750 0.039062
0 0.371875 0.759375 0.040625 0.028125
0 0.381250 0.788281 0.037500 0.026562
0 0.390625 0.815625 0.037500 0.025000
0 0.396094 0.840625 0.035937 0.028125
0 0.392188 0.690625 -0.046875 -0.028125
0 0.401562 0.723437 0.034375 0.034375
0 0.416406 0.760938 0.039062 0.031250
0 0.420312 0.791406 0.040625 0.023438
0 0.433594 0.816406 -0.035937 -0.026562
0 0.437500 0.689844 0.046875 0.032813
0 0.445312 0.724219 0.046875 0.032813
0 0.457031 0.753906 0.048438 0.023438
0 0.464844 0.778125 0.045312 0.021875
0 0.464062 0.802344 0.025000 0.014063
0 0.478125 0.674219 0.037500 0.020313
0 0.486719 0.699219 0.035937 0.026562
0 0.491406 0.725781 0.039062 0.020313
0 0.503906 0.747656 0.042188 0.020313
0 0.507031 0.764844 0.029687 0.017188
0 0.521875 0.678125 0.046875 0.025000
0 0.527344 0.705469 0.039062 0.029687
0 0.539062 0.728906 0.040625 0.023438
0 0.550781 0.753906 0.032813 0.023438
0 0.570312 0.673438 0.040625 0.025000
0 0.572656 0.700000 0.045312 0.025000
0 0.582031 0.724219 0.039062 0.026562
0 0.605469 0.646875 0.026562 0.015625
0 0.609375 0.667969 0.034375 0.023438
0 0.622656 0.698438 0.045312 0.034375
