0 0.510156 0.014063 0.054688 0.028125
0 0.527344 0.045312 0.045312 0.031250
0 0.537500 0.075781 0.043750 0.026562
0 0.546094 0.102344 0.035937 0.023438
0 0.463281 0.015625 0.035937 0.025000
0 0.479687 0.046875 0.046875 0.034375
0 0.491406 0.080469 0.042188 0.026562
0 0.503125 0.110156 0.040625 0.023438
0 0.520312 0.137500 0.050000 0.028125
0 0.531250 0.171094 0.046875 0.032813
0 0.421875 0.014063 0.037500 0.025000
0 0.432031 0.039062 0.039062 0.025000
0 0.443750 0.071094 0.037500 0.032813
0 0.455469 0.100000 0.035937 0.021875
0 0.467969 0.125000 0.035937 0.021875
0 0.478906 0.151562 0.032813 0.028125
0 0.489844 0.185156 0.035937 0.039062
0 0.545312 0.209375 0.046875 0.037500
0 0.505469 0.217969 0.032813 0.032813
0 0.519531 0.246094 0.042188 0.023438
0 0.531250 0.272656 0.040625 0.029687
0 0.542969 0.304688 0.039062 0.034375
0 0.384375 0.015625 0.037500 0.028125
0 0.393750 0.047656 0.040625 0.032813
0 0.407031 0.078125 0.035937 0.025000
0 0.416406 0.105469 0.039062 0.029687
0 0.425781 0.135937 0.035937 0.028125
0 0.440625 0.165625 0.034375 0.028125
0 0.448437 0.206250 0.000000 0.000000
0 0.453125 0.190625 0.025000 0.018750
0 0.461719 0.214062 0.032813 0.021875
0 0.472656 0.238281 0.039062 0.023438
0 0.479687 0.264844 0.031250 0.026562
0 0.492969 0.292969 0.045312 0.032813
0 0.507812 0.325781 0.046875 0.032813
0 0.527344 0.352344 0.032813 0.014063
0 0.543750 0.371875 0.040625 0.031250
0 0.340625 0.014844 0.046875 0.029687
0 0.355469 0.049219 0.039062 0.032813
0 0.363281 0.081250 0.039062 0.028125
0 0.372656 0.109375 0.042188 0.025000
0 0.384375 0.137500 0.037500 0.028125
0 0.402344 0.171094 0.039062 0.039062
0 0.417187 0.203906 0.034375 0.029687
0 0.428906 0.233594 0.039062 0.026562
0 0.440625 0.261719 0.040625 0.026562
0 0.445312 0.289844 0.034375 0.023438
0 0.460938 0.316406 0.031250 0.023438
0 0.481250 0.346094 0.043750 0.029687
0 0.498437 0.374219 0.046875 0.023438
0 0.510156 0.399219 0.048438 0.026562
0 0.523438 0.428125 0.046875 0.025000
0 0.531250 0.451562 0.037500 0.018750
0 0.294531 0.016406 0.042188 0.026562
0 0.308594 0.042969 0.045312 0.023438
0 0.317188 0.068750 0.034375 0.021875
0 0.323437 0.089844 0.034375 0.020313
0 0.332813 0.116406 0.037500 0.029687
0 0.347656 0.151562 0.035937 0.031250
0 0.361719 0.181250 0.035937 0.028125
0 0.372656 0.207813 0.045312 0.025000
0 0.385156 0.231250 0.035937 0.021875
0 0.412500 0.278125 0.000000 0.000000
0 0.400000 0.260156 -0.028125 -0.032813
0 0.409375 0.291406 0.031250 0.023438
0 0.421094 0.314844 0.029687 0.023438
0 0.435937 0.326562 0.000000 0.000000
0 0.443750 0.348438 0.000000 0.000000
0 0.435937 0.340625 0.037500 0.025000
0 0.448437 0.370312 0.043750 0.028125
0 0.456250 0.396094 0.040625 0.020313
0 0.471875 0.421094 0.046875 0.023438
0 0.484375 0.447656 0.050000 0.026562
0 0.499219 0.478125 0.042188 0.025000
0 0.506250 0.505469 0.018750 0.023438
0 0.509375 0.507812 0.037500 0.031250
0 0.521875 0.540625 0.034375 0.028125
0 0.265625 0.025781 -0.009375 0.007812
0 0.253906 0.012500 -0.039062 -0.021875
0 0.261719 0.039062 0.045312 0.028125
0 0.275000 0.067187 0.037500 0.028125
0 0.287500 0.098437 0.040625 0.034375
0 0.293750 0.128906 0.028125 0.026562
0 0.312500 0.156250 0.034375 0.031250
0 0.324219 0.188281 0.035937 0.029687
0 0.335938 0.221094 0.040625 0.029687
0 0.350000 0.249219 0.040625 0.029687
0 0.364063 0.277344 0.043750 0.026562
0 0.368750 0.298438 0.028125 0.015625
0 0.380469 0.322656 0.032813 0.029687
0 0.397656 0.347656 0.032813 0.020313
0 0.403906 0.371094 0.035937 0.026562
0 0.418750 0.396875 0.031250 0.025000
0 0.427344 0.423438 0.035937 0.021875
0 0.436719 0.448437 0.035937 0.025000
0 0.454688 0.471875 0.037500 0.021875
0 0.468750 0.493750 0.034375 0.025000
0 0.468750 0.525781 0.043750 0.029687
0 0.488281 0.557813 0.042188 0.031250
0 0.495312 0.586719 0.046875 0.026562
0 0.510938 0.613281 0.050000 0.023438
0 0.521094 0.635156 0.039062 0.026562
0 0.207813 0.012500 0.043750 0.018750
0 0.216406 0.038281 0.045312 0.032813
0 0.229687 0.067187 0.043750 0.025000
0 0.242188 0.097656 0.053125 0.032813
0 0.255469 0.129688 0.045312 0.025000
0 0.270313 0.157812 0.043750 0.028125
0 0.280469 0.188281 0.045312 0.032813
0 0.292187 0.218750 0.040625 0.028125
0 0.307812 0.250781 0.043750 0.032813
0 0.320312 0.282813 0.040625 0.025000
0 0.334375 0.310156 0.046875 0.029687
0 0.350781 0.336719 0.032813 0.026562
0 0.361719 0.362500 0.039062 0.028125
0 0.371875 0.389844 0.043750 0.023438
0 0.381250 0.417969 0.046875 0.029687
0 0.395313 0.448437 0.040625 0.028125
0 0.410938 0.477344 0.050000 0.029687
0 0.422656 0.506250 0.051562 0.025000
0 0.426563 0.532813 0.040625 0.025000
0 0.464062 0.570312 0.000000 0.000000
0 0.442188 0.560156 0.050000 0.026562
0 0.452344 0.589844 0.039062 0.029687
0 0.467187 0.616406 0.037500 0.020313
0 0.482812 0.646094 0.000000 0.001563
0 0.165625 0.014063 0.037500 0.025000
0 0.172656 0.040625 0.039062 0.028125
0 0.187500 0.070312 0.040625 0.028125
0 0.196875 0.096094 0.037500 0.026562
0 0.207813 0.124219 0.040625 0.026562
0 0.222656 0.153125 0.039062 0.025000
0 0.237500 0.182031 0.043750 0.026562
0 0.246875 0.213281 0.046875 0.032813
0 0.257812 0.246094 0.046875 0.029687
0 0.274219 0.277344 0.045312 0.029687
0 0.288281 0.309375 0.042188 0.031250
0 0.303125 0.342969 0.056250 0.032813
0 0.317969 0.374219 0.048438 0.026562
0 0.329688 0.404687 0.046875 0.028125
0 0.346094 0.435156 0.042188 0.023438
0 0.356250 0.461719 0.034375 0.023438
0 0.366406 0.486719 0.039062 0.023438
0 0.375781 0.511719 0.039062 0.023438
0 0.388281 0.538281 0.035937 0.023438
0 0.399219 0.562500 0.039062 0.025000
0 0.410156 0.589063 0.039062 0.025000
0 0.422656 0.616406 0.042188 0.029687
0 0.437500 0.642969 0.040625 0.023438
0 0.481250 0.641406 0.034375 0.026562
0 0.127344 0.014844 0.035937 0.026562
0 0.136719 0.042188 0.029687 0.025000
0 0.146094 0.068750 0.035937 0.025000
0 0.159375 0.097656 0.037500 0.026562
0 0.164062 0.124219 0.037500 0.026562
0 0.182812 0.153906 0.037500 0.026562
0 0.194531 0.183594 0.042188 0.026562
0 0.202344 0.210938 0.042188 0.028125
0 0.214062 0.240625 0.040625 0.028125
0 0.224219 0.267969 0.035937 0.026562
0 0.240625 0.297656 0.040625 0.026562
0 0.250781 0.325000 0.035937 0.028125
0 0.260156 0.353906 0.035937 0.023438
0 0.275781 0.378906 0.035937 0.020313
0 0.283594 0.402344 0.039062 0.026562
0 0.301563 0.428125 0.040625 0.025000
0 0.311719 0.453906 0.032813 0.020313
0 0.322656 0.476562 0.035937 0.021875
0 0.337500 0.502344 0.034375 0.023438
0 0.340625 0.526563 0.028125 0.021875
0 0.353906 0.550781 0.039062 0.026562
0 0.364844 0.578906 0.039062 0.023438
0 0.375781 0.605469 0.032813 0.026562
0 0.386719 0.632812 0.035937 0.021875
0 0.399219 0.657031 0.035937 0.023438
0 0.086719 0.014063 0.039062 0.021875
0 0.096094 0.039062 0.042188 0.028125
0 0.110156 0.065625 0.035937 0.021875
0 0.117188 0.091406 0.040625 0.023438
0 0.125000 0.117969 0.031250 0.026562
0 0.139063 0.146875 0.037500 0.028125
0 0.153906 0.178906 0.032813 0.026562
0 0.160938 0.207813 0.034375 0.021875
0 0.175000 0.231250 0.031250 0.025000
0 0.187500 0.258594 0.031250 0.026562
0 0.196875 0.289844 0.040625 0.029687
0 0.206250 0.319531 0.043750 0.029687
0 0.221875 0.348438 0.040625 0.028125
0 0.217969 0.375000 -0.026562 -0.009375
0 0.237500 0.377344 0.034375 0.026562
0 0.249219 0.404687 0.029687 0.025000
0 0.262500 0.428906 0.031250 0.023438
0 0.275000 0.451562 0.040625 0.025000
0 0.284375 0.478906 0.034375 0.023438
0 0.300781 0.503906 0.035937 0.026562
0 0.304688 0.528906 0.037500 0.026562
0 0.312500 0.557031 0.037500 0.020313
0 0.323437 0.583594 0.043750 0.029687
0 0.340625 0.610156 0.040625 0.020313
0 0.353125 0.655469 0.040625 0.023438
0 0.046875 0.014063 0.037500 0.025000
0 0.057031 0.039844 0.039062 0.026562
0 0.070312 0.068750 0.040625 0.028125
0 0.078125 0.095312 0.037500 0.021875
0 0.089063 0.121875 0.037500 0.025000
0 0.101562 0.149219 0.034375 0.023438
0 0.117969 0.175781 0.042188 0.032813
0 0.138281 0.232031 0.035937 0.026562
0 0.125000 0.205469 0.031250 0.023438
0 0.150781 0.261719 0.039062 0.029687
0 0.156250 0.293750 0.034375 0.028125
0 0.168750 0.323437 0.034375 0.025000
0 0.178906 0.350781 0.039062 0.023438
0 0.196875 0.378125 0.043750 0.025000
0 0.207031 0.405469 0.048438 0.023438
0 0.235156 0.460938 0.035937 0.021875
0 0.225781 0.432031 0.042188 0.029687
0 0.249219 0.485938 0.039062 0.021875
0 0.257031 0.510938 0.045312 0.025000
0 0.268750 0.537500 0.034375 0.021875
0 0.279687 0.560156 0.037500 0.020313
0 0.284375 0.582812 0.031250 0.021875
0 0.295312 0.608594 0.037500 0.023438
0 0.015625 0.017969 -0.025000 -0.029687
0 0.021094 0.046875 0.029687 0.025000
0 0.028125 0.073438 0.037500 0.025000
0 0.038281 0.097656 0.035937 0.020313
0 0.046875 0.121875 0.040625 0.025000
0 0.060156 0.150000 0.039062 0.028125
0 0.077344 0.177344 0.029687 0.026562
0 0.088281 0.203906 0.032813 0.023438
0 0.096875 0.230469 0.037500 0.026562
0 0.108594 0.256250 0.035937 0.021875
0 0.117188 0.281250 0.034375 0.021875
0 0.128906 0.305469 0.029687 0.020313
0 0.135156 0.329688 0.032813 0.025000
0 0.153906 0.369531 0.029687 0.026562
0 0.161719 0.394531 0.029687 0.023438
0 0.171094 0.416406 0.029687 0.023438
0 0.185938 0.442188 0.034375 0.028125
0 0.195312 0.466406 0.037500 0.023438
0 0.208594 0.489844 0.032813 0.026562
0 0.219531 0.516406 0.032813 0.026562
0 0.230469 0.544531 0.035937 0.026562
0 0.242188 0.570312 0.040625 0.025000
0 0.248438 0.596094 0.040625 0.026562
0 0.259375 0.621875 0.034375 0.025000
0 0.303125 0.632812 0.043750 0.025000
0 0.346094 0.632031 0.035937 0.023438
0 0.308594 0.657031 0.039062 0.020313
0 0.007812 0.082031 -0.015625 -0.042188
0 0.014063 0.123438 -0.025000 -0.034375
0 0.021875 0.153906 0.034375 0.020313
0 0.037500 0.178906 0.043750 0.029687
0 0.047656 0.208594 0.042188 0.026562
0 0.053906 0.235937 0.035937 0.021875
0 0.066406 0.262500 0.042188 0.025000
0 0.080469 0.290625 0.035937 0.025000
0 0.092969 0.316406 0.039062 0.026562
0 0.103906 0.340625 0.035937 0.018750
0 0.114844 0.364063 0.042188 0.025000
0 0.125000 0.390625 0.034375 0.021875
0 0.134375 0.416406 0.037500 0.026562
0 0.146094 0.442969 0.039062 0.026562
0 0.158594 0.470313 0.032813 0.025000
0 0.169531 0.498437 0.039062 0.025000
0 0.180469 0.526563 0.035937 0.025000
0 0.191406 0.552344 0.035937 0.020313
0 0.201563 0.577344 0.034375 0.026562
0 0.211719 0.601562 0.029687 0.021875
0 0.221875 0.625781 0.031250 0.020313
0 0.266406 0.648438 0.032813 0.025000
0 0.233594 0.647656 0.032813 0.020313
0 0.011719 0.190625 -0.017188 -0.034375
0 0.014844 0.228125 -0.026562 -0.037500
0 0.024219 0.266406 0.032813 0.035937
0 0.055469 0.343750 0.039062 0.031250
0 0.047656 0.306250 0.039062 0.034375
0 0.070312 0.376563 0.040625 0.031250
0 0.088281 0.404687 0.035937 0.028125
0 0.094531 0.428906 0.035937 0.023438
0 0.108594 0.454688 0.039062 0.025000
0 0.116406 0.479687 0.032813 0.021875
0 0.127344 0.502344 0.035937 0.026562
0 0.136719 0.528906 0.035937 0.023438
0 0.153906 0.554688 0.032813 0.025000
0 0.161719 0.582812 0.035937 0.028125
0 0.178125 0.610938 0.034375 0.021875
0 0.011719 0.292187 -0.020313 -0.031250
0 0.014063 0.321094 -0.025000 -0.023438
0 0.021094 0.348438 0.026562 0.025000
0 0.033594 0.375781 0.032813 0.023438
0 0.046875 0.401562 0.034375 0.025000
0 0.056250 0.427344 0.031250 0.020313
0 0.067187 0.451562 0.034375 0.025000
0 0.082812 0.478906 0.037500 0.026562
0 0.088281 0.505469 0.032813 0.026562
0 0.098437 0.531250 0.034375 0.021875
0 0.111719 0.556250 0.042188 0.025000
0 0.122656 0.580469 0.039062 0.023438
0 0.128906 0.603125 0.032813 0.021875
0 0.142187 0.625000 0.037500 0.025000
0 0.009375 0.382031 -0.015625 -0.042188
0 0.015625 0.421094 -0.031250 -0.032813
0 0.026562 0.456250 0.031250 0.034375
0 0.038281 0.489063 0.042188 0.028125
0 0.047656 0.516406 0.039062 0.023438
0 0.060156 0.543750 0.039062 0.031250
0 0.074219 0.571875 0.042188 0.028125
0 0.086719 0.600781 0.035937 0.023438
0 0.097656 0.626563 0.032813 0.025000
0 0.105469 0.655469 0.045312 0.032813
0 0.115625 0.682031 0.043750 0.023438
0 0.128906 0.710156 0.042188 0.029687
0 0.010156 0.473438 -0.017188 -0.056250
0 0.017969 0.521094 -0.032813 -0.039062
0 0.028906 0.553906 0.029687 0.023438
0 0.035156 0.581250 0.032813 0.028125
0 0.050781 0.610156 0.045312 0.029687
0 0.060937 0.641406 0.034375 0.026562
0 0.070312 0.669531 0.034375 0.026562
0 0.082812 0.697656 0.037500 0.026562
0 0.096094 0.725781 0.029687 0.023438
0 0.011719 0.573438 -0.020313 -0.043750
0 0.015625 0.614844 -0.028125 -0.035937
0 0.021094 0.647656 -0.035937 -0.023438
0 0.046875 0.707031 0.034375 0.023438
0 0.037500 0.680469 -0.040625 -0.035937
0 0.059375 0.734375 0.037500 0.031250
0 0.072656 0.764844 0.035937 0.029687
0 0.083594 0.796094 0.035937 0.029687
0 0.096875 0.825000 0.037500 0.025000
0 0.110937 0.853125 0.034375 0.028125
0 0.123438 0.884375 0.037500 0.031250
0 0.021094 0.732812 -0.032813 -0.031250
0 0.014063 0.692187 -0.021875 -0.053125
0 0.028906 0.767188 0.039062 0.034375
0 0.042969 0.800781 0.042188 0.035937
0 0.062500 0.835156 0.037500 0.029687
0 0.085938 0.894531 0.034375 0.026562
0 0.100000 0.925781 0.037500 0.029687
0 0.110937 0.953906 0.043750 0.026562
0 0.130469 0.992188 0.035937 0.012500
0 0.125000 0.977344 -0.034375 -0.017188
0 0.011719 0.813281 -0.023438 -0.045312
0 0.026562 0.853125 0.037500 0.034375
0 0.027344 0.866406 -0.023438 -0.010937
0 0.053125 0.914844 0.037500 0.026562
0 0.036719 0.885938 0.032813 0.031250
0 0.066406 0.939844 0.029687 0.020313
0 0.082812 0.982031 0.021875 0.017188
0 0.078125 0.962500 -0.028125 -0.021875
0 0.024219 0.933594 0.032813 0.032813
0 0.038281 0.965625 0.039062 0.028125
0 0.056250 0.990625 0.006250 -0.006250
0 0.015625 0.897656 -0.021875 -0.045312
0 0.048438 0.989062 0.037500 0.018750
0 0.015625 0.956250 -0.025000 -0.056250
0 0.013281 0.956250 -0.020313 -0.059375
0 0.135937 0.915625 0.043750 0.028125
0 0.150000 0.942969 0.046875 0.026562
0 0.161719 0.970313 0.042188 0.025000
0 0.170313 0.991406 0.040625 0.014063
0 0.103125 0.750000 0.034375 0.021875
0 0.117969 0.775781 0.032813 0.026562
0 0.130469 0.802344 0.029687 0.026562
0 0.142187 0.828125 0.037500 0.025000
0 0.152344 0.853906 0.032813 0.029687
0 0.164844 0.884375 0.032813 0.028125
0 0.181250 0.910937 0.034375 0.025000
0 0.189844 0.936719 0.035937 0.026562
0 0.207031 0.962500 0.039062 0.025000
0 0.222656 0.986719 0.039062 0.023438
0 0.150000 0.650781 0.043750 0.026562
0 0.161719 0.675000 0.035937 0.025000
0 0.139063 0.742188 0.043750 0.031250
0 0.155469 0.773438 0.039062 0.028125
0 0.166406 0.800781 0.045312 0.026562
0 0.175781 0.827344 0.039062 0.026562
0 0.190625 0.854688 0.037500 0.025000
0 0.203125 0.880469 0.037500 0.023438
0 0.217969 0.906250 0.039062 0.025000
0 0.228125 0.932031 0.034375 0.026562
0 0.242969 0.958594 0.032813 0.023438
0 0.257031 0.984375 0.029687 0.025000
0 0.171094 0.702344 0.035937 0.026562
0 0.185156 0.728906 0.039062 0.023438
0 0.193750 0.754687 0.040625 0.025000
0 0.206250 0.780469 0.043750 0.023438
0 0.214844 0.807031 0.039062 0.026562
0 0.226562 0.835938 0.040625 0.025000
0 0.239844 0.861719 0.042188 0.023438
0 0.253125 0.887500 0.040625 0.025000
0 0.280469 0.940625 0.035937 0.021875
0 0.266406 0.915625 0.045312 0.028125
0 0.297656 0.985938 0.045312 0.025000
0 0.288281 0.961719 0.032813 0.020313
0 0.185938 0.635938 0.034375 0.018750
0 0.196875 0.661719 0.034375 0.026562
0 0.203906 0.689063 0.026562 0.025000
0 0.213281 0.713281 0.035937 0.026562
0 0.226562 0.739062 0.028125 0.025000
0 0.240625 0.764844 0.034375 0.026562
0 0.253125 0.791406 0.037500 0.023438
0 0.261719 0.819531 0.042188 0.026562
0 0.275000 0.847656 0.040625 0.026562
0 0.285156 0.875000 0.035937 0.021875
0 0.298438 0.900781 0.034375 0.026562
0 0.314844 0.926562 0.035937 0.021875
0 0.337500 0.975781 0.031250 0.020313
0 0.321094 0.950000 0.032813 0.021875
0 0.344531 0.992969 0.026562 0.010937
0 0.241406 0.671875 0.032813 0.028125
0 0.250000 0.700781 0.037500 0.026562
0 0.262500 0.729688 0.043750 0.031250
0 0.275000 0.754687 0.028125 0.018750
0 0.286719 0.780469 0.035937 0.026562
0 0.300781 0.810156 0.035937 0.029687
0 0.314063 0.844531 0.034375 0.029687
0 0.334375 0.876563 0.037500 0.028125
0 0.344531 0.904687 0.032813 0.025000
0 0.358594 0.933594 0.035937 0.026562
0 0.373437 0.963281 0.040625 0.029687
0 0.381250 0.989062 0.031250 0.018750
0 0.279687 0.677344 0.037500 0.032813
0 0.291406 0.709375 0.042188 0.031250
0 0.306250 0.735938 0.037500 0.021875
0 0.336719 0.785937 0.042188 0.025000
0 0.339844 0.813281 0.042188 0.029687
0 0.323437 0.760156 0.034375 0.020313
0 0.355469 0.845313 0.032813 0.031250
0 0.372656 0.868750 0.017188 0.012500
0 0.381250 0.889844 0.025000 0.023438
0 0.392188 0.915625 0.037500 0.028125
0 0.404687 0.939844 0.028125 0.020313
0 0.428906 0.982031 0.042188 0.026562
0 0.416406 0.957812 0.026562 0.012500
0 0.323437 0.683594 0.043750 0.029687
0 0.338281 0.713281 0.048438 0.026562
0 0.352344 0.741406 0.045312 0.029687
0 0.364063 0.771094 0.040625 0.026562
0 0.381250 0.799219 0.037500 0.026562
0 0.392188 0.827344 0.040625 0.026562
0 0.403906 0.855469 0.042188 0.026562
0 0.419531 0.883594 0.039062 0.026562
0 0.436719 0.911719 0.042188 0.026562
0 0.444531 0.939063 0.045312 0.021875
0 0.458594 0.961719 0.035937 0.017188
0 0.473438 0.984375 0.037500 0.028125
0 0.364844 0.679688 0.029687 0.018750
0 0.378906 0.704688 0.029687 0.025000
0 0.391406 0.732031 0.035937 0.026562
0 0.403125 0.758594 0.034375 0.023438
0 0.411719 0.785937 0.035937 0.025000
0 0.428125 0.812500 0.034375 0.025000
0 0.442969 0.842187 0.045312 0.028125
0 0.460156 0.871875 0.035937 0.025000
0 0.471094 0.901563 0.035937 0.025000
0 0.485938 0.928125 0.031250 0.025000
0 0.501563 0.952344 0.037500 0.020313
0 0.512500 0.979688 0.037500 0.028125
0 0.411719 0.685156 0.042188 0.026562
0 0.428125 0.713281 0.050000 0.026562
0 0.456250 0.772656 0.050000 0.032813
0 0.442188 0.740625 0.040625 0.021875
0 0.471094 0.805469 0.051562 0.029687
0 0.485156 0.835156 0.048438 0.026562
0 0.502344 0.864844 0.045312 0.029687
0 0.450000 0.665625 0.034375 0.018750
0 0.457031 0.687500 0.035937 0.021875
0 0.475000 0.712500 0.037500 0.028125
0 0.488281 0.740625 0.035937 0.028125
0 0.502344 0.767188 0.032813 0.021875
0 0.517188 0.792969 0.031250 0.029687
0 0.496875 0.666406 0.043750 0.020313
0 0.506250 0.687500 0.046875 0.018750
0 0.518750 0.714063 0.043750 0.025000
