0 0.893750 0.007812 0.021875 0.009375
0 0.860156 0.009375 0.039062 0.018750
0 0.818750 0.008594 0.037500 0.017188
0 0.819531 0.028125 0.032813 0.015625
0 0.777344 0.007812 0.042188 0.012500
0 0.782813 0.022656 0.037500 0.010937
0 0.752344 0.036719 0.029687 0.023438
0 0.743750 0.017188 0.028125 0.018750
0 0.721875 0.051562 0.021875 0.018750
0 0.713281 0.032031 0.042188 0.017188
0 0.680469 0.049219 0.026562 0.020313
0 0.689844 0.069531 0.020313 0.017188
0 0.666406 0.005469 0.035937 0.010937
0 0.621875 0.011719 0.043750 0.020313
0 0.646094 0.066406 0.014063 0.014063
0 0.576562 0.013281 0.043750 0.023438
0 0.535937 0.005469 0.018750 0.010937
0 0.547656 0.028125 0.014063 0.018750
0 0.551562 0.046094 0.012500 0.007812
0 0.497656 0.010156 0.035937 0.017188
0 0.506250 0.030469 0.028125 0.017188
0 0.457813 0.010156 0.028125 0.020313
0 0.465625 0.032031 0.031250 0.020313
0 0.475000 0.058594 0.028125 0.029687
0 0.422656 0.010937 0.039062 0.018750
0 0.432031 0.032813 0.035937 0.025000
0 0.436719 0.056250 0.042188 0.021875
0 0.447656 0.079687 0.032813 0.021875
0 0.388281 0.011719 0.029687 0.023438
0 0.396094 0.034375 0.032813 0.018750
0 0.400000 0.055469 0.031250 0.023438
0 0.407031 0.076563 0.042188 0.021875
0 0.413281 0.092969 0.035937 0.010937
0 0.349219 0.014844 0.045312 0.023438
0 0.353906 0.039844 0.045312 0.023438
0 0.362500 0.064844 0.043750 0.023438
0 0.374219 0.088281 0.035937 0.023438
0 0.382812 0.110156 0.034375 0.014063
0 0.392969 0.147656 0.032813 0.020313
0 0.403125 0.180469 0.021875 0.023438
0 0.423438 0.137500 0.025000 0.025000
0 0.435156 0.160938 0.020313 0.015625
0 0.301563 0.013281 0.046875 0.023438
0 0.314063 0.040625 0.040625 0.025000
0 0.321875 0.066406 0.031250 0.026562
0 0.334375 0.090625 0.037500 0.018750
0 0.343750 0.112500 0.037500 0.018750
0 0.360938 0.162500 0.031250 0.031250
0 0.258594 0.010156 0.042188 0.020313
0 0.272656 0.035156 0.042188 0.023438
0 0.277344 0.062500 0.042188 0.018750
0 0.283594 0.082812 0.045312 0.025000
0 0.293750 0.107031 0.053125 0.026562
0 0.300000 0.128125 0.034375 0.015625
0 0.323437 0.182031 0.037500 0.039062
0 0.214844 0.010937 0.042188 0.018750
0 0.228906 0.035156 0.045312 0.026562
0 0.237500 0.063281 0.043750 0.026562
0 0.242188 0.092969 0.034375 0.029687
0 0.260156 0.119531 0.029687 0.017188
0 0.265625 0.140625 0.034375 0.021875
0 0.282813 0.179688 0.021875 0.012500
0 0.291406 0.199219 0.017188 0.023438
0 0.174219 0.014063 0.039062 0.025000
0 0.188281 0.037500 0.039062 0.021875
0 0.199219 0.063281 0.032813 0.026562
0 0.210938 0.092188 0.034375 0.031250
0 0.225000 0.135156 0.031250 0.032813
0 0.239844 0.160938 0.020313 0.012500
0 0.247656 0.198437 0.023438 0.015625
0 0.137500 0.013281 0.034375 0.023438
0 0.146875 0.038281 0.034375 0.023438
0 0.163281 0.066406 0.039062 0.029687
0 0.172656 0.094531 0.039062 0.020313
0 0.178906 0.113281 0.032813 0.014063
0 0.186719 0.137500 0.029687 0.034375
0 0.198437 0.168750 0.025000 0.021875
0 0.215625 0.216406 0.028125 0.029687
0 0.100000 0.014063 0.037500 0.028125
0 0.110156 0.042188 0.039062 0.021875
0 0.121875 0.070312 0.040625 0.031250
0 0.128906 0.100000 0.042188 0.028125
0 0.142187 0.127344 0.043750 0.026562
0 0.146094 0.152344 0.039062 0.026562
0 0.164844 0.176563 0.035937 0.018750
0 0.177344 0.224219 0.023438 0.017188
0 0.182031 0.243750 0.020313 0.018750
0 0.056250 0.010937 0.040625 0.018750
0 0.066406 0.033594 0.048438 0.026562
0 0.077344 0.063281 0.042188 0.029687
0 0.084375 0.089844 0.040625 0.023438
0 0.095312 0.120313 0.037500 0.031250
0 0.110937 0.150781 0.028125 0.026562
0 0.121875 0.178125 0.034375 0.018750
0 0.130469 0.197656 0.029687 0.014063
0 0.021875 0.014844 -0.037500 -0.026562
0 0.026562 0.044531 0.037500 0.023438
0 0.036719 0.071094 0.042188 0.026562
0 0.048438 0.100000 0.037500 0.028125
0 0.064062 0.128906 0.043750 0.026562
0 0.075781 0.157031 0.042188 0.023438
0 0.082812 0.179688 0.034375 0.018750
0 0.092969 0.202344 0.032813 0.020313
0 0.110156 0.254688 0.032813 0.031250
0 0.013281 0.087500 -0.026562 -0.040625
0 0.019531 0.122656 -0.032813 -0.026562
0 0.032813 0.151562 0.037500 0.021875
0 0.045312 0.178125 0.034375 0.028125
0 0.054688 0.209375 0.037500 0.031250
0 0.072656 0.255469 0.023438 0.010937
0 0.085938 0.278125 0.018750 0.018750
0 0.014844 0.163281 -0.023438 -0.039062
0 0.019531 0.199219 -0.032813 -0.032813
0 0.021875 0.228906 -0.040625 -0.026562
0 0.046094 0.271875 0.029687 0.021875
0 0.047656 0.294531 0.032813 0.026562
0 0.015625 0.303125 -0.028125 -0.034375
0 0.010156 0.278906 -0.017188 -0.017188
