0 0.021094 0.987500 0.032813 0.018750
0 0.019531 0.971875 -0.039062 -0.028125
0 0.011719 0.935156 -0.020313 -0.042188
0 0.057813 0.982031 0.050000 0.029687
0 0.055469 0.961719 -0.035937 -0.023438
0 0.043750 0.941406 -0.037500 -0.026562
0 0.038281 0.922656 -0.035937 -0.023438
0 0.025781 0.902344 -0.032813 -0.020313
0 0.016406 0.884375 -0.026562 -0.025000
0 0.009375 0.859375 -0.012500 -0.025000
0 0.100781 0.975000 -0.032813 -0.025000
0 0.108594 0.990625 0.032813 0.015625
0 0.095312 0.957031 -0.037500 -0.023438
0 0.083594 0.938281 -0.026562 -0.026562
0 0.073438 0.917188 -0.034375 -0.021875
0 0.063281 0.897656 -0.042188 -0.026562
0 0.052344 0.878125 -0.045312 -0.028125
0 0.043750 0.860156 -0.040625 -0.026562
0 0.031250 0.839063 -0.050000 -0.021875
0 0.025781 0.823438 -0.039062 -0.025000
0 0.018750 0.798438 -0.037500 -0.037500
0 0.140625 0.984375 0.040625 0.025000
0 0.133594 0.961719 -0.042188 -0.023438
0 0.125781 0.941406 -0.042188 -0.029687
0 0.117969 0.916406 -0.045312 -0.032813
0 0.104688 0.890625 -0.037500 -0.034375
0 0.092969 0.864062 -0.039062 -0.031250
0 0.075000 0.835156 -0.043750 -0.029687
0 0.062500 0.814063 -0.050000 -0.028125
0 0.055469 0.794531 -0.045312 -0.026562
0 0.053906 0.775000 -0.045312 -0.028125
0 0.045312 0.744531 -0.040625 -0.045312
0 0.025781 0.764062 -0.039062 -0.034375
0 0.017188 0.737500 -0.031250 -0.031250
0 0.021094 0.712500 -0.032813 -0.040625
0 0.010156 0.685156 -0.017188 -0.032813
0 0.179688 0.985156 0.043750 0.026562
0 0.175781 0.960156 0.039062 0.026562
0 0.164062 0.934375 -0.034375 -0.028125
0 0.157812 0.910156 -0.031250 -0.029687
0 0.141406 0.885156 -0.032813 -0.032813
0 0.132812 0.861719 -0.034375 -0.026562
0 0.117188 0.838281 -0.037500 -0.029687
0 0.108594 0.816406 -0.032813 -0.026562
0 0.094531 0.790625 -0.032813 -0.037500
0 0.080469 0.759375 -0.042188 -0.037500
0 0.069531 0.729688 -0.039062 -0.040625
0 0.049219 0.698438 -0.048438 -0.037500
0 0.034375 0.670312 -0.037500 -0.034375
0 0.018750 0.645312 -0.037500 -0.031250
0 0.017188 0.622656 -0.028125 -0.032813
0 0.011719 0.599219 -0.023438 -0.042188
0 0.218750 0.975781 0.046875 0.045312
0 0.205469 0.946094 -0.045312 -0.035937
0 0.194531 0.916406 -0.042188 -0.039062
0 0.180469 0.886719 -0.039062 -0.042188
0 0.167187 0.853125 -0.053125 -0.034375
0 0.155469 0.829688 -0.051562 -0.031250
0 0.149219 0.807813 -0.051562 -0.037500
0 0.137500 0.782813 -0.053125 -0.034375
0 0.122656 0.757812 -0.048438 -0.031250
0 0.110156 0.732031 -0.039062 -0.035937
0 0.095312 0.707031 -0.037500 -0.032813
0 0.085938 0.675781 -0.050000 -0.042188
0 0.065625 0.644531 -0.050000 -0.032813
0 0.053906 0.613281 -0.051562 -0.042188
0 0.034375 0.581250 -0.040625 -0.034375
0 0.026562 0.559375 -0.037500 -0.034375
0 0.017969 0.526563 -0.029687 -0.050000
0 0.010937 0.490625 -0.015625 -0.031250
0 0.263281 0.982031 0.035937 0.032813
0 0.254688 0.957812 -0.040625 -0.034375
0 0.242188 0.929688 -0.043750 -0.031250
0 0.227344 0.903906 -0.035937 -0.032813
0 0.224219 0.873437 -0.042188 -0.037500
0 0.211719 0.846094 -0.039062 -0.039062
0 0.203125 0.824219 -0.050000 -0.029687
0 0.182812 0.801562 -0.040625 -0.037500
0 0.175781 0.775781 -0.032813 -0.035937
0 0.159375 0.745313 -0.046875 -0.043750
0 0.141406 0.713281 -0.051562 -0.035937
0 0.132031 0.683594 -0.048438 -0.045312
0 0.120313 0.656250 -0.043750 -0.037500
0 0.101562 0.622656 -0.043750 -0.035937
0 0.082031 0.578906 -0.054688 -0.032813
0 0.065625 0.546875 -0.040625 -0.040625
0 0.047656 0.514062 -0.042188 -0.031250
0 0.034375 0.481250 -0.040625 -0.034375
0 0.018750 0.443750 -0.031250 -0.040625
0 0.010937 0.415625 -0.015625 -0.028125
0 0.305469 0.982031 0.042188 0.029687
0 0.300000 0.954688 -0.050000 -0.037500
0 0.275781 0.920312 -0.045312 -0.040625
0 0.265625 0.889844 -0.040625 -0.032813
0 0.256250 0.857031 -0.031250 -0.042188
0 0.240625 0.817969 -0.043750 -0.042188
0 0.223438 0.791406 -0.040625 -0.039062
0 0.209375 0.757812 -0.040625 -0.040625
0 0.192188 0.722656 -0.043750 -0.042188
0 0.175781 0.691406 -0.042188 -0.039062
0 0.167187 0.662500 -0.043750 -0.037500
0 0.153906 0.630469 -0.048438 -0.045312
0 0.139063 0.596875 -0.043750 -0.037500
0 0.114844 0.562500 -0.045312 -0.031250
0 0.101562 0.535156 -0.040625 -0.039062
0 0.088281 0.503125 -0.045312 -0.034375
0 0.080469 0.477344 -0.042188 -0.032813
0 0.057813 0.447656 -0.046875 -0.039062
0 0.045312 0.419531 -0.040625 -0.045312
0 0.030469 0.392969 -0.042188 -0.032813
0 0.017969 0.368750 -0.020313 -0.025000
0 0.348438 0.982031 0.034375 0.032813
0 0.332813 0.950000 -0.031250 -0.031250
0 0.321094 0.926562 -0.042188 -0.040625
0 0.307031 0.892969 -0.032813 -0.035937
0 0.293750 0.860938 -0.031250 -0.037500
0 0.284375 0.828125 -0.037500 -0.037500
0 0.267969 0.790625 -0.035937 -0.040625
0 0.247656 0.753906 -0.045312 -0.042188
0 0.231250 0.717187 -0.046875 -0.037500
0 0.217969 0.687500 -0.042188 -0.034375
0 0.210156 0.656250 -0.042188 -0.040625
0 0.192188 0.625000 -0.037500 -0.043750
0 0.178906 0.589063 -0.035937 -0.043750
0 0.160938 0.555469 -0.050000 -0.035937
0 0.137500 0.521094 -0.028125 -0.039062
0 0.136719 0.518750 -0.045312 -0.040625
0 0.121875 0.481250 -0.034375 -0.040625
0 0.108594 0.453125 -0.042188 -0.031250
0 0.097656 0.426563 -0.042188 -0.034375
0 0.085156 0.404687 -0.029687 -0.025000
0 0.390625 0.988281 0.040625 0.020313
0 0.379688 0.961719 -0.043750 -0.032813
0 0.367188 0.935937 -0.031250 -0.025000
0 0.362500 0.915625 -0.034375 -0.034375
0 0.343750 0.892188 -0.040625 -0.040625
0 0.334375 0.856250 -0.037500 -0.046875
0 0.323437 0.821094 -0.034375 -0.042188
0 0.308594 0.790625 -0.032813 -0.040625
0 0.292187 0.757031 -0.034375 -0.035937
0 0.279687 0.730469 -0.037500 -0.039062
0 0.268750 0.702344 -0.037500 -0.035937
0 0.257031 0.671094 -0.035937 -0.042188
0 0.242188 0.640625 -0.040625 -0.037500
0 0.229687 0.613281 -0.037500 -0.039062
0 0.211719 0.579688 -0.035937 -0.043750
0 0.194531 0.547656 -0.035937 -0.035937
0 0.184375 0.523438 -0.037500 -0.028125
0 0.165625 0.484375 -0.043750 -0.037500
0 0.148438 0.462500 -0.037500 -0.028125
0 0.144531 0.437500 -0.051562 -0.037500
0 0.126562 0.407813 -0.037500 -0.031250
0 0.117969 0.383594 -0.039062 -0.029687
0 0.432812 0.984375 0.053125 0.025000
0 0.421875 0.957031 -0.043750 -0.035937
0 0.413281 0.923438 -0.045312 -0.031250
0 0.400781 0.898438 -0.048438 -0.040625
0 0.380469 0.868750 -0.035937 -0.028125
0 0.368750 0.845313 -0.037500 -0.037500
0 0.358594 0.814063 -0.039062 -0.043750
0 0.345313 0.785156 -0.040625 -0.039062
0 0.332031 0.755469 -0.039062 -0.039062
0 0.320312 0.726562 -0.037500 -0.040625
0 0.304688 0.695312 -0.034375 -0.046875
0 0.289062 0.660937 -0.037500 -0.028125
0 0.282031 0.635156 -0.029687 -0.032813
0 0.267969 0.607812 -0.029687 -0.034375
0 0.257812 0.584375 -0.031250 -0.040625
0 0.238281 0.550781 -0.039062 -0.035937
0 0.221094 0.525000 -0.035937 -0.028125
0 0.212500 0.500781 -0.034375 -0.026562
0 0.195312 0.464844 -0.037500 -0.035937
0 0.182812 0.432812 -0.040625 -0.040625
0 0.165625 0.405469 -0.056250 -0.035937
0 0.151562 0.383594 -0.034375 -0.029687
0 0.473438 0.986719 0.025000 0.020313
0 0.461719 0.963281 0.026562 0.026562
0 0.449219 0.941406 -0.029687 -0.020313
0 0.445312 0.917969 -0.037500 -0.035937
0 0.434375 0.893750 -0.037500 -0.031250
0 0.420312 0.868750 -0.040625 -0.040625
0 0.402344 0.836719 -0.045312 -0.035937
0 0.393750 0.807031 -0.040625 -0.039062
0 0.380469 0.771094 -0.045312 -0.035937
0 0.367188 0.742188 -0.050000 -0.037500
0 0.353906 0.709375 -0.039062 -0.037500
0 0.341406 0.677344 -0.051562 -0.035937
0 0.320312 0.646875 -0.037500 -0.040625
0 0.303906 0.614062 -0.039062 -0.034375
0 0.291406 0.579688 -0.042188 -0.043750
0 0.274219 0.542188 -0.048438 -0.043750
0 0.259375 0.508594 -0.050000 -0.039062
0 0.242969 0.482031 -0.051562 -0.032813
0 0.233594 0.454688 -0.045312 -0.031250
0 0.217188 0.424219 -0.043750 -0.032813
0 0.203906 0.392969 -0.032813 -0.035937
0 0.231250 0.379688 0.034375 0.021875
0 0.239844 0.403906 0.029687 0.032813
0 0.266406 0.442969 0.032813 0.023438
0 0.282813 0.474219 0.043750 0.032813
0 0.303125 0.517969 0.034375 0.032813
0 0.316406 0.542969 0.032813 0.026562
0 0.331250 0.574219 0.034375 0.029687
0 0.346094 0.610938 0.045312 0.034375
0 0.357812 0.639844 0.034375 0.029687
0 0.369531 0.673438 0.035937 0.028125
0 0.388281 0.704688 0.026562 0.028125
0 0.401562 0.733594 0.034375 0.032813
0 0.417969 0.771875 0.032813 0.043750
0 0.435937 0.803125 0.028125 0.028125
0 0.446875 0.835156 0.034375 0.035937
0 0.457031 0.862500 0.035937 0.040625
0 0.465625 0.899219 0.031250 0.035937
0 0.485938 0.928125 0.040625 0.021875
0 0.494531 0.950781 0.039062 0.029687
0 0.503906 0.980469 0.039062 0.032813
0 0.542188 0.977344 0.037500 0.039062
0 0.536719 0.949219 -0.035937 -0.029687
0 0.519531 0.921875 -0.039062 -0.043750
0 0.505469 0.885156 -0.035937 -0.029687
0 0.489844 0.855469 -0.045312 -0.032813
0 0.473438 0.832812 -0.031250 -0.034375
0 0.466406 0.801562 -0.029687 -0.040625
0 0.450781 0.776563 -0.039062 -0.040625
0 0.442969 0.744531 -0.045312 -0.032813
0 0.425781 0.711719 -0.035937 -0.042188
0 0.418750 0.680469 -0.040625 -0.035937
0 0.392969 0.646875 -0.039062 -0.043750
0 0.383594 0.607031 -0.023438 -0.029687
0 0.371094 0.584375 -0.035937 -0.050000
0 0.356250 0.553906 -0.034375 -0.039062
0 0.332813 0.514844 -0.043750 -0.048438
0 0.319531 0.485156 -0.039062 -0.039062
0 0.303125 0.450000 -0.043750 -0.050000
0 0.283594 0.416406 -0.042188 -0.032813
0 0.273438 0.387500 -0.040625 -0.037500
0 0.318750 0.387500 0.037500 0.034375
0 0.330469 0.420312 0.032813 0.034375
0 0.346094 0.457813 0.045312 0.031250
0 0.355469 0.485938 0.042188 0.034375
0 0.373437 0.521094 0.040625 0.032813
0 0.389844 0.553125 0.035937 0.031250
0 0.407031 0.583594 0.035937 0.026562
0 0.417187 0.611719 0.034375 0.026562
0 0.432812 0.636719 0.034375 0.032813
0 0.447656 0.667969 0.035937 0.032813
0 0.459375 0.702344 0.037500 0.039062
0 0.468750 0.731250 0.031250 0.028125
0 0.485156 0.765625 0.039062 0.034375
0 0.496875 0.799219 0.043750 0.032813
0 0.502344 0.830469 0.042188 0.035937
0 0.525781 0.863281 0.029687 0.032813
0 0.542188 0.894531 0.031250 0.032813
0 0.553906 0.923438 0.039062 0.034375
0 0.565625 0.949219 0.043750 0.023438
0 0.585938 0.979688 0.040625 0.031250
0 0.619531 0.980469 0.026562 0.029687
0 0.608594 0.950781 -0.026562 -0.026562
0 0.587500 0.923438 -0.053125 -0.031250
0 0.581250 0.894531 -0.034375 -0.035937
0 0.574219 0.875000 -0.023438 -0.015625
0 0.555469 0.834375 -0.045312 -0.040625
0 0.540625 0.807813 -0.037500 -0.031250
0 0.521875 0.782813 -0.037500 -0.031250
0 0.516406 0.754687 -0.039062 -0.034375
0 0.501563 0.720313 -0.040625 -0.040625
0 0.488281 0.689063 -0.035937 -0.034375
0 0.471094 0.656250 -0.035937 -0.040625
0 0.457813 0.618750 -0.034375 -0.043750
0 0.439844 0.579688 -0.039062 -0.037500
0 0.423438 0.542188 -0.037500 -0.050000
0 0.404687 0.500000 -0.040625 -0.040625
0 0.391406 0.472656 -0.035937 -0.042188
0 0.376563 0.437500 -0.034375 -0.037500
0 0.361719 0.405469 -0.042188 -0.032813
0 0.349219 0.375781 -0.026562 -0.029687
0 0.390625 0.379688 0.040625 0.025000
0 0.407031 0.403906 0.042188 0.032813
0 0.418750 0.441406 0.037500 0.032813
0 0.430469 0.472656 0.042188 0.026562
0 0.445312 0.496094 0.028125 0.023438
0 0.455469 0.526563 0.048438 0.025000
0 0.473438 0.551562 0.046875 0.021875
0 0.482812 0.580469 0.037500 0.026562
0 0.492969 0.611719 0.039062 0.032813
0 0.507812 0.649219 0.034375 0.032813
0 0.523438 0.684375 0.040625 0.034375
0 0.538281 0.721094 0.039062 0.032813
0 0.556250 0.759375 0.043750 0.034375
0 0.569531 0.790625 0.042188 0.034375
0 0.589063 0.826562 0.037500 0.034375
0 0.605469 0.863281 0.039062 0.029687
0 0.618750 0.894531 0.043750 0.035937
0 0.634375 0.929688 0.046875 0.043750
0 0.649219 0.975000 0.045312 0.046875
0 0.693750 0.975781 0.043750 0.045312
0 0.681250 0.937500 -0.043750 -0.040625
0 0.660156 0.897656 -0.039062 -0.035937
0 0.644531 0.868750 -0.042188 -0.028125
0 0.629687 0.837500 -0.037500 -0.037500
0 0.617969 0.807813 -0.045312 -0.034375
0 0.606250 0.782031 -0.031250 -0.035937
0 0.591406 0.750781 -0.045312 -0.035937
0 0.582812 0.719531 -0.050000 -0.039062
0 0.571875 0.693750 -0.046875 -0.031250
0 0.551562 0.658594 -0.040625 -0.039062
0 0.539844 0.627344 -0.045312 -0.035937
0 0.525781 0.596094 -0.035937 -0.029687
0 0.517188 0.563281 -0.043750 -0.042188
0 0.504687 0.529687 -0.043750 -0.037500
0 0.484375 0.496875 -0.062500 -0.037500
0 0.469531 0.466406 -0.032813 -0.035937
0 0.447656 0.437500 -0.051562 -0.040625
0 0.435156 0.410156 -0.035937 -0.032813
0 0.440625 0.404687 0.046875 0.031250
0 0.432812 0.377344 0.043750 0.023438
0 0.474219 0.377344 0.039062 0.026562
0 0.480469 0.407813 0.032813 0.037500
0 0.489844 0.439063 0.029687 0.037500
0 0.507031 0.470313 0.035937 0.031250
0 0.513281 0.495312 0.010937 0.021875
0 0.523438 0.500000 0.040625 0.021875
0 0.535156 0.527344 0.032813 0.039062
0 0.549219 0.564063 0.039062 0.034375
0 0.565625 0.596875 0.043750 0.040625
0 0.571875 0.629687 0.021875 0.028125
0 0.592187 0.660937 0.034375 0.034375
0 0.602344 0.688281 0.032813 0.026562
0 0.618750 0.720313 0.037500 0.034375
0 0.632031 0.756250 0.039062 0.031250
0 0.647656 0.788281 0.035937 0.029687
0 0.658594 0.819531 0.042188 0.032813
0 0.677344 0.855469 0.042188 0.029687
0 0.694531 0.892188 0.039062 0.034375
0 0.718750 0.922656 0.040625 0.026562
0 0.727344 0.957031 0.039062 0.039062
0 0.741406 0.985156 0.035937 0.023438
0 0.781250 0.985938 0.031250 0.025000
0 0.771094 0.962500 -0.032813 -0.034375
0 0.761719 0.932813 -0.045312 -0.037500
0 0.739062 0.903906 -0.031250 -0.026562
0 0.724219 0.879687 -0.035937 -0.037500
0 0.716406 0.850781 -0.039062 -0.032813
0 0.688281 0.817969 -0.048438 -0.042188
0 0.682813 0.785156 -0.040625 -0.029687
0 0.670312 0.753125 -0.040625 -0.040625
0 0.660156 0.725781 -0.039062 -0.039062
0 0.642969 0.685937 -0.035937 -0.034375
0 0.625781 0.655469 -0.045312 -0.039062
0 0.614844 0.625000 -0.042188 -0.040625
0 0.600781 0.585156 -0.035937 -0.032813
0 0.578125 0.547656 -0.043750 -0.035937
0 0.564844 0.516406 -0.035937 -0.039062
0 0.544531 0.478906 -0.048438 -0.045312
0 0.537500 0.446875 -0.050000 -0.043750
0 0.521094 0.405469 -0.045312 -0.039062
0 0.507812 0.370312 -0.040625 -0.037500
0 0.553125 0.373437 0.043750 0.025000
0 0.564844 0.408594 0.035937 0.035937
0 0.580469 0.441406 0.042188 0.035937
0 0.588281 0.478906 0.051562 0.032813
0 0.605469 0.513281 0.048438 0.032813
0 0.618750 0.544531 0.040625 0.035937
0 0.639844 0.584375 0.048438 0.043750
0 0.655469 0.618750 0.042188 0.031250
0 0.667188 0.652344 0.040625 0.032813
0 0.681250 0.690625 0.043750 0.034375
0 0.699219 0.723437 0.032813 0.031250
0 0.719531 0.758594 0.042188 0.035937
0 0.732031 0.791406 0.048438 0.035937
0 0.742969 0.832812 0.051562 0.040625
0 0.758594 0.872656 0.039062 0.039062
0 0.769531 0.907031 0.057813 0.032813
0 0.794531 0.935937 0.032813 0.040625
0 0.810937 0.964844 0.034375 0.020313
0 0.820312 0.987500 0.037500 0.021875
0 0.857031 0.983594 0.032813 0.026562
0 0.850781 0.955469 -0.045312 -0.035937
0 0.828906 0.928125 -0.045312 -0.034375
0 0.817969 0.901563 -0.042188 -0.034375
0 0.801562 0.870313 -0.040625 -0.031250
0 0.793750 0.839844 -0.046875 -0.045312
0 0.775781 0.804688 -0.045312 -0.046875
0 0.758594 0.767188 -0.051562 -0.043750
0 0.741406 0.721094 -0.048438 -0.039062
0 0.728906 0.678906 -0.048438 -0.048438
0 0.709375 0.640625 -0.043750 -0.040625
0 0.695312 0.600781 -0.043750 -0.045312
0 0.684375 0.564844 -0.046875 -0.039062
0 0.663281 0.528125 -0.045312 -0.037500
0 0.650781 0.495312 -0.039062 -0.034375
0 0.630469 0.466406 -0.048438 -0.035937
0 0.626563 0.434375 -0.046875 -0.037500
0 0.602344 0.403906 -0.039062 -0.026562
0 0.596094 0.379688 -0.039062 -0.040625
0 0.635938 0.379688 0.037500 0.037500
0 0.653125 0.414844 0.040625 0.029687
0 0.667188 0.446094 0.034375 0.042188
0 0.678125 0.478906 0.034375 0.032813
0 0.696875 0.514844 0.037500 0.035937
0 0.711719 0.543750 0.035937 0.025000
0 0.725000 0.575781 0.031250 0.026562
0 0.735156 0.612500 0.026562 0.031250
0 0.751563 0.642969 0.034375 0.029687
0 0.767969 0.669531 0.029687 0.026562
0 0.771875 0.699219 0.025000 0.029687
0 0.784375 0.727344 0.037500 0.023438
0 0.797656 0.760156 0.039062 0.032813
0 0.814063 0.797656 0.040625 0.035937
0 0.831250 0.832812 0.037500 0.037500
0 0.842969 0.864062 0.035937 0.025000
0 0.853906 0.891406 0.042188 0.029687
0 0.864062 0.922656 0.040625 0.029687
0 0.882031 0.953125 0.035937 0.031250
0 0.895312 0.983594 0.043750 0.026562
0 0.939063 0.978125 0.037500 0.034375
0 0.928906 0.945312 -0.042188 -0.034375
0 0.917188 0.909375 -0.043750 -0.034375
0 0.893750 0.876563 -0.040625 -0.034375
0 0.882031 0.842187 -0.035937 -0.031250
0 0.870313 0.807031 -0.037500 -0.039062
0 0.856250 0.770312 -0.050000 -0.037500
0 0.841406 0.735938 -0.032813 -0.040625
0 0.815625 0.696875 -0.031250 -0.031250
0 0.808594 0.669531 -0.026562 -0.035937
0 0.796875 0.639844 -0.034375 -0.029687
0 0.789844 0.610156 -0.032813 -0.026562
0 0.777344 0.582812 -0.039062 -0.031250
0 0.760156 0.553906 -0.035937 -0.039062
0 0.746875 0.520312 -0.050000 -0.037500
0 0.729688 0.489063 -0.040625 -0.040625
0 0.725000 0.459375 -0.043750 -0.034375
0 0.694531 0.429688 -0.042188 -0.031250
0 0.681250 0.395313 -0.040625 -0.031250
0 0.672656 0.372656 -0.032813 -0.023438
0 0.712500 0.369531 0.040625 0.026562
0 0.724219 0.396094 0.039062 0.029687
0 0.739844 0.432031 0.042188 0.029687
0 0.752344 0.461719 0.039062 0.026562
0 0.767188 0.490625 0.034375 0.028125
0 0.778906 0.518750 0.042188 0.034375
0 0.797656 0.556250 0.045312 0.034375
0 0.816406 0.585938 0.039062 0.028125
0 0.825000 0.616406 0.037500 0.029687
0 0.839063 0.650000 0.037500 0.034375
0 0.849219 0.683594 0.042188 0.035937
0 0.864844 0.718750 0.042188 0.031250
0 0.883594 0.749219 0.039062 0.026562
0 0.894531 0.778125 0.039062 0.034375
0 0.907813 0.810156 0.040625 0.035937
0 0.917969 0.845313 0.042188 0.031250
0 0.932031 0.878125 0.039062 0.034375
0 0.947656 0.907813 0.032813 0.031250
0 0.964844 0.938281 0.032813 0.029687
0 0.976562 0.971094 0.040625 0.045312
0 0.983594 0.915625 0.026562 0.059375
0 0.974219 0.879687 0.029687 0.034375
0 0.961719 0.836719 -0.045312 -0.045312
0 0.942187 0.796875 -0.031250 -0.034375
0 0.929688 0.764844 -0.037500 -0.035937
0 0.909375 0.730469 -0.037500 -0.042188
0 0.898438 0.697656 -0.040625 -0.039062
0 0.887500 0.664062 -0.040625 -0.034375
0 0.882812 0.628906 -0.043750 -0.032813
0 0.857031 0.589844 -0.039062 -0.042188
0 0.835938 0.546875 -0.043750 -0.053125
0 0.817187 0.501563 -0.046875 -0.037500
0 0.794531 0.466406 -0.039062 -0.026562
0 0.783594 0.438281 -0.045312 -0.042188
0 0.768750 0.396875 -0.050000 -0.040625
0 0.748437 0.364063 -0.037500 -0.031250
0 0.791406 0.361719 0.035937 0.020313
0 0.800000 0.383594 0.037500 0.029687
0 0.814063 0.410938 0.037500 0.031250
0 0.822656 0.443750 0.039062 0.034375
0 0.836719 0.478125 0.035937 0.028125
0 0.853125 0.504687 0.040625 0.034375
0 0.875000 0.540625 0.037500 0.040625
0 0.895312 0.577344 0.037500 0.035937
0 0.907813 0.616406 0.034375 0.035937
0 0.925000 0.649219 0.031250 0.026562
0 0.931250 0.684375 0.037500 0.031250
0 0.946094 0.716406 0.032813 0.029687
0 0.961719 0.750781 0.039062 0.029687
0 0.961719 0.770312 -0.001563 0.003125
0 0.971875 0.782813 0.031250 0.031250
0 0.980469 0.815625 0.029687 0.031250
0 0.990625 0.849219 0.015625 0.032813
0 0.988281 0.777344 0.014063 0.035937
0 0.982812 0.734375 0.025000 0.037500
0 0.981250 0.702344 0.028125 0.032813
0 0.967969 0.667188 -0.039062 -0.031250
0 0.944531 0.628125 -0.042188 -0.034375
0 0.936719 0.596875 -0.026562 -0.031250
0 0.925781 0.572656 -0.032813 -0.029687
0 0.912500 0.535156 -0.043750 -0.035937
0 0.893750 0.496094 -0.050000 -0.035937
0 0.876563 0.461719 -0.040625 -0.026562
0 0.865625 0.435937 -0.034375 -0.037500
0 0.841406 0.396875 -0.032813 -0.031250
0 0.832812 0.371094 -0.040625 -0.032813
0 0.874219 0.369531 0.042188 0.035937
0 0.889844 0.403906 0.039062 0.029687
0 0.904687 0.432031 0.034375 0.026562
0 0.915625 0.464844 0.043750 0.029687
0 0.931250 0.492969 0.034375 0.032813
0 0.948438 0.523438 0.034375 0.031250
0 0.958594 0.550781 0.032813 0.032813
0 0.963281 0.584375 0.029687 0.025000
0 0.975000 0.613281 0.034375 0.032813
0 0.980469 0.637500 0.029687 0.031250
0 0.985156 0.572656 0.017188 0.039062
0 0.982031 0.525781 0.026562 0.042188
0 0.971875 0.484375 0.034375 0.043750
0 0.957031 0.454688 -0.045312 -0.034375
0 0.935937 0.425000 -0.043750 -0.037500
0 0.925781 0.395313 -0.032813 -0.028125
0 0.910937 0.364844 -0.034375 -0.035937
0 0.950781 0.360156 0.035937 0.023438
0 0.965625 0.390625 0.040625 0.034375
0 0.978906 0.420312 0.035937 0.031250
0 0.984375 0.362500 0.021875 0.028125
0 0.066406 0.375000 0.048438 0.031250
0 0.046875 0.335938 -0.046875 -0.037500
0 0.017188 0.332813 0.000000 0.000000
0 0.014063 0.336719 -0.025000 -0.029687
0 0.010156 0.309375 -0.017188 -0.031250
0 0.036719 0.310156 -0.039062 -0.026562
0 0.016406 0.282031 -0.032813 -0.032813
0 0.014063 0.255469 -0.028125 -0.029687
0 0.007031 0.232031 -0.010937 -0.023438
0 0.097656 0.354687 0.039062 0.028125
0 0.092188 0.332813 -0.031250 -0.018750
0 0.085156 0.317188 -0.039062 -0.028125
0 0.067187 0.291406 -0.037500 -0.026562
0 0.060156 0.271094 -0.039062 -0.032813
0 0.044531 0.241406 -0.032813 -0.023438
0 0.028125 0.220312 -0.031250 -0.025000
0 0.019531 0.200000 -0.032813 -0.034375
0 0.012500 0.175000 -0.018750 -0.031250
0 0.010156 0.140625 -0.017188 -0.028125
0 0.145313 0.361719 0.040625 0.023438
0 0.137500 0.337500 -0.040625 -0.025000
0 0.122656 0.314063 -0.035937 -0.031250
0 0.102344 0.278906 -0.029687 -0.035937
0 0.085156 0.245312 -0.035937 -0.040625
0 0.071875 0.212500 -0.043750 -0.028125
0 0.063281 0.188281 -0.035937 -0.035937
0 0.052344 0.155469 -0.045312 -0.045312
0 0.033594 0.123438 -0.042188 -0.037500
0 0.017188 0.085938 -0.028125 -0.031250
0 0.014063 0.058594 -0.018750 -0.032813
0 0.185156 0.361719 0.042188 0.023438
0 0.182812 0.332813 -0.046875 -0.028125
0 0.157812 0.307031 -0.037500 -0.026562
0 0.146094 0.278906 -0.051562 -0.042188
0 0.135156 0.243750 -0.048438 -0.043750
0 0.113281 0.210938 -0.035937 -0.031250
0 0.100781 0.177344 -0.039062 -0.042188
0 0.083594 0.144531 -0.039062 -0.035937
0 0.071875 0.109375 -0.046875 -0.043750
0 0.052344 0.073438 -0.039062 -0.037500
0 0.028125 0.035937 -0.046875 -0.034375
0 0.021094 0.011719 -0.035937 -0.020313
0 0.057813 0.014063 0.034375 0.021875
0 0.068750 0.039844 0.028125 0.029687
0 0.079687 0.059375 0.034375 0.025000
0 0.095312 0.089063 0.028125 0.028125
0 0.103906 0.115625 0.035937 0.025000
0 0.118750 0.140625 0.037500 0.021875
0 0.128906 0.161719 0.032813 0.017188
0 0.138281 0.185938 0.026562 0.028125
0 0.149219 0.212500 0.023438 0.018750
0 0.171875 0.255469 0.028125 0.029687
0 0.182031 0.284375 0.035937 0.025000
0 0.196094 0.314063 0.029687 0.025000
0 0.217188 0.335938 0.028125 0.021875
0 0.226562 0.359375 0.028125 0.025000
0 0.264062 0.357031 -0.040625 -0.035937
0 0.253906 0.328125 -0.042188 -0.028125
0 0.232813 0.301563 -0.040625 -0.031250
0 0.225781 0.274219 -0.045312 -0.029687
0 0.205469 0.242969 -0.035937 -0.039062
0 0.185156 0.212500 -0.045312 -0.031250
0 0.173437 0.178125 -0.040625 -0.043750
0 0.160938 0.139844 -0.037500 -0.042188
0 0.142969 0.104688 -0.042188 -0.034375
0 0.123438 0.075781 -0.037500 -0.029687
0 0.111719 0.049219 -0.039062 -0.029687
0 0.098437 0.017969 -0.037500 -0.035937
0 0.136719 0.018750 -0.045312 -0.034375
0 0.151562 0.057813 0.037500 0.037500
0 0.161719 0.087500 0.039062 0.028125
0 0.182031 0.114062 0.032813 0.021875
0 0.196875 0.144531 0.034375 0.035937
0 0.210156 0.180469 0.026562 0.032813
0 0.232813 0.211719 0.037500 0.035937
0 0.242188 0.242969 0.037500 0.029687
0 0.262500 0.271875 0.034375 0.034375
0 0.276562 0.300000 0.040625 0.028125
0 0.292969 0.326562 0.035937 0.021875
0 0.303125 0.357812 0.037500 0.034375
0 0.342187 0.348438 -0.040625 -0.031250
0 0.331250 0.315625 -0.034375 -0.034375
0 0.310937 0.283594 -0.037500 -0.032813
0 0.295312 0.252344 -0.040625 -0.032813
0 0.276562 0.221875 -0.040625 -0.031250
0 0.267969 0.194531 -0.045312 -0.029687
0 0.253906 0.172656 -0.045312 -0.032813
0 0.239844 0.136719 -0.042188 -0.039062
0 0.217188 0.107031 -0.040625 -0.032813
0 0.205469 0.080469 -0.035937 -0.039062
0 0.188281 0.049219 -0.039062 -0.035937
0 0.175000 0.021875 -0.034375 -0.025000
0 0.159375 0.003125 0.000000 0.000000
0 0.213281 0.009375 -0.035937 -0.015625
0 0.176563 0.008594 0.031250 0.014063
0 0.221875 0.028906 0.031250 0.020313
0 0.242188 0.064844 0.034375 0.035937
0 0.255469 0.091406 0.029687 0.023438
0 0.274219 0.118750 0.035937 0.031250
0 0.283594 0.146875 0.035937 0.028125
0 0.293750 0.168750 0.031250 0.015625
0 0.303906 0.192188 0.032813 0.025000
0 0.314063 0.221094 0.031250 0.039062
0 0.331250 0.253906 0.034375 0.032813
0 0.347656 0.285938 0.035937 0.040625
0 0.366406 0.329688 0.023438 0.012500
0 0.380469 0.350781 0.029687 0.029687
0 0.416406 0.345313 0.042188 0.034375
0 0.407813 0.314063 -0.037500 -0.031250
0 0.392188 0.283594 -0.043750 -0.035937
0 0.373437 0.254688 -0.037500 -0.046875
0 0.354687 0.209375 -0.034375 -0.040625
0 0.343750 0.178906 -0.034375 -0.032813
0 0.324219 0.147656 -0.045312 -0.045312
0 0.306250 0.110156 -0.037500 -0.035937
0 0.292187 0.083594 -0.043750 -0.039062
0 0.278125 0.054688 -0.037500 -0.031250
0 0.260937 0.025000 -0.037500 -0.034375
0 0.292969 0.013281 0.039062 0.023438
0 0.303125 0.039062 0.034375 0.037500
0 0.321094 0.064062 0.029687 0.037500
0 0.332813 0.096094 0.031250 0.032813
0 0.339844 0.122656 0.042188 0.029687
0 0.355469 0.148438 0.045312 0.025000
0 0.372656 0.171094 0.035937 0.026562
0 0.378125 0.203906 0.031250 0.035937
0 0.400000 0.228906 0.040625 0.032813
0 0.420312 0.257812 0.040625 0.028125
0 0.432031 0.282031 0.029687 0.023438
0 0.440625 0.308594 0.034375 0.023438
0 0.457031 0.329688 0.029687 0.015625
0 0.466406 0.352344 0.035937 0.020313
0 0.500781 0.339062 -0.039062 -0.031250
0 0.493750 0.309375 -0.050000 -0.037500
0 0.475781 0.278125 -0.048438 -0.031250
0 0.457031 0.253906 -0.029687 -0.029687
0 0.442188 0.228906 -0.031250 -0.035937
0 0.422656 0.191406 -0.035937 -0.042188
0 0.408594 0.161719 -0.039062 -0.029687
0 0.394531 0.134375 -0.042188 -0.031250
0 0.381250 0.103125 -0.056250 -0.025000
0 0.364063 0.079687 -0.046875 -0.031250
0 0.352344 0.049219 -0.045312 -0.032813
0 0.337500 0.021094 -0.034375 -0.020313
0 0.333594 0.010937 0.032813 0.015625
0 0.377344 0.020313 0.045312 0.034375
0 0.388281 0.046094 0.039062 0.026562
0 0.405469 0.070312 0.035937 0.034375
0 0.426563 0.098437 0.043750 0.034375
0 0.439063 0.138281 0.037500 0.042188
0 0.454688 0.170313 0.037500 0.028125
0 0.464844 0.200000 0.042188 0.025000
0 0.477344 0.229687 0.045312 0.025000
0 0.497656 0.260156 0.042188 0.032813
0 0.519531 0.291406 0.029687 0.029687
0 0.531250 0.319531 0.040625 0.017188
0 0.540625 0.342969 0.040625 0.035937
0 0.578906 0.336719 -0.045312 -0.032813
0 0.560937 0.310156 -0.037500 -0.029687
0 0.546875 0.277344 -0.031250 -0.029687
0 0.538281 0.253906 -0.035937 -0.029687
0 0.514844 0.221875 -0.029687 -0.031250
0 0.500781 0.193750 -0.045312 -0.031250
0 0.491406 0.161719 -0.048438 -0.045312
0 0.478906 0.121094 -0.039062 -0.039062
0 0.468750 0.086719 -0.046875 -0.035937
0 0.441406 0.053906 -0.039062 -0.029687
0 0.426563 0.021875 -0.043750 -0.037500
0 0.464062 0.019531 0.037500 0.032813
0 0.475000 0.052344 0.034375 0.039062
0 0.497656 0.084375 0.032813 0.034375
0 0.511719 0.121875 0.035937 0.043750
0 0.525000 0.151562 0.021875 0.012500
0 0.540625 0.178906 0.037500 0.032813
0 0.555469 0.219531 0.039062 0.035937
0 0.575781 0.254688 0.035937 0.028125
0 0.587500 0.282813 0.034375 0.028125
0 0.603125 0.309375 0.034375 0.028125
0 0.617188 0.339844 0.028125 0.026562
0 0.664062 0.350000 -0.043750 -0.012500
0 0.655469 0.318750 -0.032813 -0.040625
0 0.639062 0.278906 -0.028125 -0.032813
0 0.627344 0.247656 -0.032813 -0.029687
0 0.616406 0.219531 -0.032813 -0.032813
0 0.600781 0.192188 -0.029687 -0.031250
0 0.589844 0.159375 -0.039062 -0.031250
0 0.572656 0.132031 -0.035937 -0.026562
0 0.553906 0.106250 -0.029687 -0.028125
0 0.544531 0.084375 -0.032813 -0.028125
0 0.525000 0.055469 -0.043750 -0.029687
0 0.515625 0.025000 -0.031250 -0.031250
0 0.509375 0.010937 0.037500 0.015625
0 0.539844 0.010156 0.042188 0.020313
0 0.555469 0.032031 0.029687 0.020313
0 0.563281 0.051562 0.020313 0.018750
0 0.575000 0.077344 0.031250 0.026562
0 0.584375 0.100781 0.040625 0.026562
0 0.600781 0.125000 0.042188 0.021875
0 0.612500 0.148438 0.028125 0.037500
0 0.628125 0.174219 0.037500 0.017188
0 0.639844 0.192188 0.045312 0.028125
0 0.653906 0.219531 0.035937 0.029687
0 0.660937 0.252344 0.034375 0.029687
0 0.675781 0.282813 0.039062 0.025000
0 0.692969 0.311719 0.039062 0.029687
0 0.700781 0.338281 0.039062 0.026562
0 0.738281 0.330469 0.045312 0.029687
0 0.726562 0.303906 -0.037500 -0.029687
0 0.717187 0.275781 -0.037500 -0.026562
0 0.700000 0.248438 -0.040625 -0.031250
0 0.689844 0.220312 -0.042188 -0.031250
0 0.679688 0.192188 -0.050000 -0.031250
0 0.661719 0.161719 -0.045312 -0.032813
0 0.644531 0.132812 -0.048438 -0.031250
0 0.626563 0.098437 -0.037500 -0.031250
0 0.610938 0.066406 -0.031250 -0.032813
0 0.589844 0.035937 -0.039062 -0.031250
0 0.581250 0.014063 0.037500 0.021875
0 0.617969 0.017969 0.035937 0.032813
0 0.636719 0.046875 0.035937 0.028125
0 0.650000 0.074219 0.040625 0.023438
0 0.664062 0.101562 0.034375 0.028125
0 0.677344 0.128125 0.026562 0.031250
0 0.693750 0.156250 0.034375 0.025000
0 0.712500 0.179688 0.040625 0.028125
0 0.728125 0.211719 0.040625 0.029687
0 0.739062 0.240625 0.034375 0.025000
0 0.750781 0.266406 0.045312 0.026562
0 0.758594 0.298438 0.039062 0.037500
0 0.774219 0.328125 0.029687 0.028125
0 0.784375 0.350781 0.018750 0.007812
0 0.818750 0.339062 -0.043750 -0.028125
0 0.811719 0.313281 -0.045312 -0.023438
0 0.800000 0.287500 -0.046875 -0.031250
0 0.778906 0.257031 -0.045312 -0.029687
0 0.769531 0.227344 -0.048438 -0.039062
0 0.747656 0.186719 -0.042188 -0.042188
0 0.728125 0.151562 -0.046875 -0.031250
0 0.711719 0.119531 -0.045312 -0.039062
0 0.688281 0.080469 -0.042188 -0.032813
0 0.681250 0.051562 -0.040625 -0.025000
0 0.658594 0.020313 -0.035937 -0.034375
0 0.700000 0.017188 0.037500 0.021875
0 0.707812 0.042969 0.037500 0.032813
0 0.732812 0.076563 0.040625 0.028125
0 0.746094 0.104688 0.035937 0.025000
0 0.757031 0.132031 0.042188 0.017188
0 0.769531 0.154688 0.039062 0.028125
0 0.787500 0.188281 0.034375 0.029687
0 0.809375 0.216406 0.043750 0.029687
0 0.825000 0.249219 0.040625 0.026562
0 0.840625 0.278906 0.034375 0.023438
0 0.851562 0.303906 0.037500 0.023438
0 0.860938 0.332813 0.040625 0.031250
0 0.900000 0.328906 -0.040625 -0.032813
0 0.885156 0.301563 -0.029687 -0.028125
0 0.868750 0.274219 -0.028125 -0.035937
0 0.857031 0.241406 -0.029687 -0.035937
0 0.839844 0.210938 -0.039062 -0.040625
0 0.818750 0.174219 -0.031250 -0.032813
0 0.796094 0.139844 -0.051562 -0.039062
0 0.786719 0.107813 -0.039062 -0.034375
0 0.771094 0.076563 -0.039062 -0.025000
0 0.757812 0.055469 -0.037500 -0.023438
0 0.743750 0.035937 -0.031250 -0.025000
0 0.738281 0.013281 -0.039062 -0.026562
0 0.782813 0.019531 0.050000 0.035937
0 0.790625 0.045312 0.037500 0.025000
0 0.804688 0.070312 0.046875 0.028125
0 0.822656 0.100781 0.039062 0.029687
0 0.837500 0.133594 0.040625 0.029687
0 0.857812 0.165625 0.040625 0.028125
0 0.875000 0.196094 0.040625 0.029687
0 0.889844 0.232813 0.045312 0.031250
0 0.899219 0.264062 0.042188 0.031250
0 0.913281 0.292969 0.032813 0.023438
0 0.930469 0.315625 0.035937 0.018750
0 0.941406 0.336719 0.042188 0.020313
0 0.978906 0.329688 0.035937 0.034375
0 0.960156 0.299219 -0.042188 -0.035937
0 0.944531 0.260937 -0.048438 -0.040625
0 0.930469 0.228125 -0.039062 -0.034375
0 0.913281 0.196094 -0.039062 -0.039062
0 0.893750 0.163281 -0.046875 -0.026562
0 0.885938 0.130469 -0.046875 -0.042188
0 0.865625 0.097656 -0.040625 -0.039062
0 0.850781 0.064844 -0.048438 -0.035937
0 0.831250 0.026562 -0.046875 -0.050000
0 0.877344 0.022656 0.045312 0.039062
0 0.895312 0.058594 0.040625 0.032813
0 0.904687 0.092969 0.040625 0.035937
0 0.926562 0.126562 0.037500 0.028125
0 0.935156 0.157812 0.039062 0.031250
0 0.949219 0.189844 0.039062 0.032813
0 0.967969 0.222656 0.039062 0.032813
0 0.982031 0.260937 0.029687 0.043750
0 0.988281 0.295312 0.017188 0.031250
0 0.993750 0.189844 0.009375 0.045312
0 0.994531 0.226562 0.007812 0.021875
0 0.975781 0.175781 -0.035937 -0.042188
0 0.960938 0.132031 -0.040625 -0.048438
0 0.946094 0.091406 -0.039062 -0.032813
0 0.928906 0.059375 -0.035937 -0.040625
0 0.921875 0.020313 -0.037500 -0.037500
0 0.960938 0.021094 0.037500 0.029687
0 0.969531 0.049219 0.042188 0.026562
0 0.978906 0.077344 0.035937 0.029687
0 0.985156 0.105469 0.023438 0.029687
0 0.991406 0.136719 0.014063 0.023438
0 0.985938 0.015625 0.021875 0.028125
0 0.992188 0.042188 0.006250 0.015625
