0 0.021094 0.209375 0.029687 0.021875
0 0.018750 0.187500 0.025000 0.021875
0 0.171875 0.139063 0.034375 0.028125
0 0.275000 0.058594 0.031250 0.026562
0 0.400000 0.055469 0.040625 0.032813
0 0.014063 0.163281 -0.025000 -0.026562
0 0.017188 0.146094 -0.028125 -0.017188
0 0.014844 0.126562 -0.026562 -0.025000
0 0.013281 0.103906 -0.026562 -0.026562
0 0.016406 0.089063 -0.032813 -0.021875
0 0.015625 0.059375 -0.025000 -0.034375
0 0.015625 0.025781 -0.021875 -0.045312
0 0.055469 0.189844 0.057813 0.057813
0 0.048438 0.134375 -0.046875 -0.053125
0 0.041406 0.061719 -0.042188 -0.042188
0 0.031250 0.022656 -0.028125 -0.042188
0 0.064062 0.021094 0.040625 0.039062
0 0.082812 0.064844 0.043750 0.048438
0 0.092969 0.109375 0.064062 0.037500
0 0.091406 0.146875 0.039062 0.031250
0 0.102344 0.190625 0.029687 0.043750
0 0.133594 0.159375 0.035937 0.062500
0 0.128125 0.107031 0.034375 0.039062
0 0.125781 0.065625 0.039062 0.040625
0 0.117188 0.026562 -0.053125 -0.053125
0 0.155469 0.020313 0.035937 0.037500
0 0.158594 0.059375 0.035937 0.037500
0 0.169531 0.100781 0.042188 0.042188
0 0.176563 0.181250 0.037500 0.043750
0 0.193750 0.022656 0.034375 0.039062
0 0.196094 0.060156 0.042188 0.042188
0 0.198437 0.085938 0.034375 0.034375
0 0.222656 0.182031 0.026562 0.029687
0 0.208594 0.136719 -0.045312 -0.057813
0 0.226562 0.014063 0.043750 0.025000
0 0.235156 0.053125 0.039062 0.046875
0 0.239844 0.100781 0.045312 0.042188
0 0.242969 0.133594 0.042188 0.035937
0 0.250781 0.162500 0.042188 0.034375
0 0.294531 0.149219 0.042188 0.032813
0 0.288281 0.103906 0.039062 0.054688
0 0.268750 0.021875 0.037500 0.043750
0 0.310937 0.021094 0.037500 0.039062
0 0.317188 0.068750 0.043750 0.050000
0 0.331250 0.127344 0.046875 0.067187
0 0.350781 0.016406 0.048438 0.029687
0 0.354687 0.056250 0.043750 0.043750
0 0.372656 0.112500 0.042188 0.071875
0 0.406250 0.100781 0.046875 0.045312
0 0.396094 0.021875 -0.042188 -0.040625
0 0.444531 0.065625 0.045312 0.053125
0 0.438281 0.019531 0.042188 0.035937
0 0.496094 0.094531 0.042188 0.039062
0 0.453125 0.111719 0.037500 0.026562
0 0.486719 0.057813 0.039062 0.031250
0 0.484375 0.023438 -0.053125 -0.046875
0 0.519531 0.012500 0.045312 0.021875
0 0.522656 0.040625 0.039062 0.034375
0 0.530469 0.084375 0.039062 0.043750
0 0.568750 0.077344 0.037500 0.051562
0 0.563281 0.027344 -0.045312 -0.054688
0 0.589844 0.022656 0.042188 0.045312
0 0.631250 0.020313 -0.043750 -0.037500
0 0.604688 0.057031 0.031250 0.029687
0 0.642969 0.054688 0.017188 0.021875
0 0.664844 0.009375 0.017188 0.015625
0 0.672656 0.025000 0.023438 0.018750
0 0.702344 0.017188 -0.039062 -0.031250
0 0.745313 0.023438 0.018750 0.015625
0 0.860938 0.012500 -0.021875 -0.018750
0 0.742188 0.006250 -0.021875 -0.009375
0 0.673438 0.050000 0.018750 0.018750
0 0.786719 0.021875 0.020313 0.018750
0 0.820312 0.016406 0.018750 0.014063
0 0.025000 0.225781 0.025000 0.017188
