0 0.023438 0.981250 0.037500 0.031250
0 0.016406 0.950000 -0.032813 -0.031250
0 0.014063 0.921875 -0.025000 -0.034375
0 0.056250 0.981250 0.034375 0.028125
0 0.050000 0.949219 0.034375 0.026562
0 0.039844 0.921875 -0.029687 -0.028125
0 0.031250 0.887500 -0.037500 -0.034375
0 0.021094 0.862500 -0.029687 -0.021875
0 0.014063 0.832812 -0.025000 -0.034375
0 0.008594 0.802344 -0.017188 -0.032813
0 0.096875 0.984375 0.043750 0.025000
0 0.081250 0.924219 -0.031250 -0.029687
0 0.087500 0.954688 0.034375 0.028125
0 0.068750 0.893750 -0.037500 -0.031250
0 0.059375 0.865625 -0.043750 -0.025000
0 0.052344 0.839844 -0.045312 -0.029687
0 0.043750 0.809375 -0.046875 -0.031250
0 0.031250 0.775000 -0.037500 -0.043750
0 0.015625 0.733594 -0.028125 -0.026562
0 0.011719 0.698438 -0.020313 -0.037500
0 0.139063 0.984375 0.037500 0.021875
0 0.130469 0.962500 -0.051562 -0.028125
0 0.112500 0.902344 -0.037500 -0.029687
0 0.103125 0.875000 -0.037500 -0.028125
0 0.125000 0.934375 -0.037500 -0.025000
0 0.096094 0.840625 -0.039062 -0.031250
0 0.085938 0.808594 -0.037500 -0.035937
0 0.073438 0.775000 -0.037500 -0.034375
0 0.042188 0.698438 -0.037500 -0.028125
0 0.028125 0.667969 -0.043750 -0.029687
0 0.052344 0.731250 0.042188 0.043750
0 0.021875 0.637500 -0.043750 -0.031250
0 0.015625 0.603125 -0.028125 -0.040625
0 0.012500 0.565625 -0.021875 -0.037500
0 0.180469 0.985938 0.042188 0.025000
0 0.171875 0.958594 0.034375 0.026562
0 0.160938 0.931250 -0.034375 -0.025000
0 0.153125 0.904687 -0.043750 -0.028125
0 0.142969 0.878125 -0.042188 -0.028125
0 0.134375 0.853125 -0.034375 -0.034375
0 0.118750 0.793750 -0.037500 -0.028125
0 0.127344 0.824219 -0.035937 -0.029687
0 0.109375 0.765625 -0.034375 -0.028125
0 0.093750 0.735938 -0.046875 -0.034375
0 0.087500 0.706250 -0.050000 -0.025000
0 0.076563 0.681250 -0.043750 -0.034375
0 0.062500 0.621875 -0.046875 -0.028125
0 0.071094 0.650000 -0.039062 -0.028125
0 0.049219 0.595313 -0.042188 -0.028125
0 0.030469 0.534375 -0.032813 -0.028125
0 0.021094 0.504687 -0.042188 -0.028125
0 0.012500 0.475000 -0.025000 -0.034375
0 0.218750 0.984375 0.040625 0.025000
0 0.209375 0.959375 -0.043750 -0.025000
0 0.192188 0.908594 -0.037500 -0.035937
0 0.199219 0.936719 -0.035937 -0.020313
0 0.184375 0.875000 -0.040625 -0.031250
0 0.171094 0.846094 -0.039062 -0.029687
0 0.164844 0.818750 -0.039062 -0.025000
0 0.155469 0.793750 -0.039062 -0.028125
0 0.146875 0.767188 -0.037500 -0.025000
0 0.134375 0.715625 -0.028125 -0.025000
0 0.140625 0.742969 -0.037500 -0.020313
0 0.121875 0.690625 -0.043750 -0.031250
0 0.112500 0.665625 -0.028125 -0.018750
0 0.105469 0.646875 -0.026562 -0.025000
0 0.100000 0.626563 -0.025000 -0.018750
0 0.087500 0.580469 -0.025000 -0.017188
0 0.046094 0.567187 -0.039062 -0.025000
0 0.081250 0.564844 -0.021875 -0.017188
0 0.071875 0.548438 -0.037500 -0.021875
0 0.067969 0.525000 -0.032813 -0.025000
0 0.058594 0.501563 -0.029687 -0.015625
0 0.050000 0.480469 -0.034375 -0.023438
0 0.023438 0.434375 -0.031250 -0.034375
0 0.040625 0.456250 0.028125 0.018750
0 0.248438 0.962500 -0.031250 -0.021875
0 0.258594 0.984375 0.035937 0.025000
0 0.236719 0.937500 -0.032813 -0.021875
0 0.234375 0.915625 -0.040625 -0.025000
0 0.221875 0.892188 -0.028125 -0.025000
0 0.218750 0.871875 -0.025000 -0.021875
0 0.203125 0.818750 -0.031250 -0.031250
0 0.207813 0.850000 -0.031250 -0.028125
0 0.186719 0.790625 -0.035937 -0.028125
0 0.171875 0.725000 -0.034375 -0.040625
0 0.181250 0.762500 -0.028125 -0.028125
0 0.161719 0.690625 -0.035937 -0.028125
0 0.152344 0.664844 -0.045312 -0.026562
0 0.140625 0.637500 -0.043750 -0.028125
0 0.092969 0.600000 -0.029687 -0.021875
0 0.125000 0.609375 -0.040625 -0.025000
0 0.120313 0.581250 -0.043750 -0.028125
0 0.107813 0.526563 -0.037500 -0.028125
0 0.112500 0.553125 -0.034375 -0.021875
0 0.093750 0.493750 -0.037500 -0.031250
0 0.081250 0.467969 -0.034375 -0.020313
0 0.073438 0.446094 -0.037500 -0.020313
0 0.062500 0.421875 -0.037500 -0.031250
0 0.021094 0.406250 -0.035937 -0.025000
0 0.292969 0.981250 0.039062 0.031250
0 0.275000 0.953125 -0.040625 -0.025000
0 0.267188 0.909375 -0.025000 -0.021875
0 0.271094 0.931250 -0.029687 -0.021875
0 0.253125 0.884375 -0.040625 -0.031250
0 0.239844 0.831250 -0.035937 -0.025000
0 0.243750 0.859375 -0.040625 -0.025000
0 0.231250 0.809375 -0.028125 -0.021875
0 0.228125 0.790625 -0.034375 -0.025000
0 0.220312 0.767969 -0.050000 -0.023438
0 0.212500 0.746875 -0.034375 -0.025000
0 0.208594 0.721875 -0.035937 -0.025000
0 0.203125 0.700000 -0.034375 -0.025000
0 0.187500 0.651563 -0.034375 -0.028125
0 0.196094 0.678125 -0.035937 -0.021875
0 0.193750 0.681250 -0.037500 -0.015625
0 0.178125 0.628125 -0.025000 -0.018750
0 0.167969 0.606250 -0.035937 -0.021875
0 0.159375 0.585938 -0.034375 -0.025000
0 0.152344 0.558594 -0.039062 -0.032813
0 0.142969 0.528125 -0.032813 -0.028125
0 0.134375 0.504687 -0.031250 -0.025000
0 0.127344 0.484375 -0.039062 -0.025000
0 0.112500 0.462500 -0.043750 -0.021875
0 0.109375 0.442969 -0.043750 -0.017188
0 0.107813 0.425000 -0.043750 -0.025000
0 0.102344 0.400000 -0.039062 -0.028125
0 0.331250 0.983594 0.034375 0.029687
0 0.318750 0.955469 -0.034375 -0.026562
0 0.309375 0.933594 -0.034375 -0.023438
0 0.300000 0.909375 -0.040625 -0.025000
0 0.290625 0.885938 -0.028125 -0.018750
0 0.286719 0.857812 -0.035937 -0.034375
0 0.265625 0.792188 -0.037500 -0.031250
0 0.253125 0.759375 -0.037500 -0.034375
0 0.275000 0.824219 -0.037500 -0.029687
0 0.246875 0.728125 -0.028125 -0.025000
0 0.231250 0.693750 -0.025000 -0.034375
0 0.221875 0.665625 -0.034375 -0.025000
0 0.212500 0.640625 -0.025000 -0.025000
0 0.202344 0.612500 -0.029687 -0.031250
0 0.193750 0.584375 -0.034375 -0.025000
0 0.190625 0.564844 -0.031250 -0.020313
0 0.187500 0.542969 -0.031250 -0.026562
0 0.178125 0.521875 -0.034375 -0.021875
0 0.160938 0.473438 -0.040625 -0.025000
0 0.171094 0.499219 -0.039062 -0.026562
0 0.152344 0.449219 -0.035937 -0.023438
0 0.146094 0.421875 -0.029687 -0.034375
0 0.365625 0.985938 0.040625 0.025000
0 0.356250 0.961719 -0.043750 -0.026562
0 0.349219 0.939844 -0.035937 -0.014063
0 0.343750 0.917969 -0.034375 -0.029687
0 0.337500 0.898438 -0.037500 -0.015625
0 0.327344 0.875000 -0.039062 -0.025000
0 0.321875 0.846875 -0.040625 -0.028125
0 0.315625 0.821875 -0.037500 -0.025000
0 0.305469 0.799219 -0.035937 -0.026562
0 0.296094 0.771875 -0.042188 -0.028125
0 0.286719 0.743750 -0.035937 -0.028125
0 0.271875 0.714844 -0.040625 -0.029687
0 0.267188 0.689063 -0.031250 -0.018750
0 0.250000 0.642188 -0.043750 -0.025000
0 0.237500 0.615625 -0.037500 -0.028125
0 0.258594 0.667188 -0.039062 -0.025000
0 0.228125 0.586719 -0.037500 -0.029687
0 0.224219 0.562500 -0.039062 -0.021875
0 0.218750 0.540625 -0.031250 -0.025000
0 0.212500 0.512500 -0.034375 -0.031250
0 0.202344 0.485938 -0.035937 -0.028125
0 0.196094 0.460938 -0.039062 -0.025000
0 0.183594 0.431250 -0.042188 -0.034375
0 0.403125 0.984375 0.034375 0.025000
0 0.396094 0.957812 -0.039062 -0.028125
0 0.390625 0.932813 -0.037500 -0.021875
0 0.378125 0.908594 -0.040625 -0.026562
0 0.371875 0.881250 -0.043750 -0.028125
0 0.356250 0.824219 -0.043750 -0.026562
0 0.362500 0.855469 -0.037500 -0.026562
0 0.337500 0.775000 -0.037500 -0.025000
0 0.345313 0.800000 -0.040625 -0.025000
0 0.325000 0.750000 -0.043750 -0.025000
0 0.321875 0.729688 -0.046875 -0.021875
0 0.315625 0.704688 -0.040625 -0.031250
0 0.306250 0.678125 -0.050000 -0.025000
0 0.296094 0.652344 -0.045312 -0.026562
0 0.287500 0.629687 -0.037500 -0.018750
0 0.274219 0.580469 -0.039062 -0.023438
0 0.281250 0.606250 -0.043750 -0.028125
0 0.265625 0.557813 -0.043750 -0.025000
0 0.259375 0.534375 -0.034375 -0.021875
0 0.246875 0.511719 -0.037500 -0.026562
0 0.243750 0.487500 -0.040625 -0.025000
0 0.234375 0.464844 -0.037500 -0.026562
0 0.227344 0.442188 -0.035937 -0.021875
0 0.217188 0.415625 -0.040625 -0.031250
0 0.446094 0.985938 0.042188 0.025000
0 0.439844 0.959375 -0.039062 -0.031250
0 0.428125 0.931250 -0.040625 -0.025000
0 0.412500 0.879687 -0.034375 -0.028125
0 0.421094 0.908594 -0.045312 -0.023438
0 0.403125 0.852344 -0.043750 -0.029687
0 0.400000 0.827344 -0.037500 -0.023438
0 0.386719 0.805469 -0.039062 -0.023438
0 0.378125 0.783594 -0.037500 -0.023438
0 0.371875 0.758594 -0.043750 -0.023438
0 0.368750 0.739062 -0.037500 -0.021875
0 0.359375 0.720313 -0.037500 -0.021875
0 0.353125 0.698438 -0.034375 -0.025000
0 0.346094 0.675000 -0.035937 -0.025000
0 0.335938 0.651563 -0.037500 -0.025000
0 0.317969 0.596094 -0.032813 -0.035937
0 0.325000 0.628125 -0.034375 -0.021875
0 0.306250 0.565625 -0.031250 -0.031250
0 0.296875 0.534375 -0.034375 -0.028125
0 0.287500 0.511719 -0.037500 -0.023438
0 0.280469 0.487500 -0.039062 -0.028125
0 0.261719 0.440625 -0.039062 -0.025000
0 0.270313 0.462500 -0.031250 -0.015625
0 0.487500 0.984375 0.037500 0.025000
0 0.475000 0.955469 -0.043750 -0.029687
0 0.467969 0.929688 -0.042188 -0.025000
0 0.461719 0.904687 -0.045312 -0.025000
0 0.453125 0.879687 -0.043750 -0.025000
0 0.443750 0.853125 -0.040625 -0.034375
0 0.439063 0.825000 -0.040625 -0.025000
0 0.424219 0.800000 -0.039062 -0.021875
0 0.407813 0.752344 -0.034375 -0.026562
0 0.415625 0.777344 -0.034375 -0.023438
0 0.395313 0.728125 -0.037500 -0.021875
0 0.392188 0.706250 -0.031250 -0.025000
0 0.377344 0.653125 -0.032813 -0.031250
0 0.381250 0.681250 -0.031250 -0.025000
0 0.356250 0.603125 -0.043750 -0.031250
0 0.364063 0.627344 -0.037500 -0.017188
0 0.336719 0.542969 -0.039062 -0.029687
0 0.348438 0.573438 -0.037500 -0.028125
0 0.328125 0.512500 -0.040625 -0.028125
0 0.318750 0.486719 -0.043750 -0.029687
0 0.305469 0.457813 -0.035937 -0.028125
0 0.300000 0.430469 -0.037500 -0.026562
0 0.292969 0.403125 -0.042188 -0.028125
0 0.254688 0.410938 -0.031250 -0.025000
0 0.525000 0.981250 0.034375 0.028125
0 0.503125 0.925000 -0.034375 -0.028125
0 0.512500 0.956250 -0.031250 -0.025000
0 0.496875 0.901563 -0.028125 -0.025000
0 0.489844 0.876563 -0.032813 -0.025000
0 0.474219 0.825000 -0.032813 -0.028125
0 0.459375 0.798438 -0.034375 -0.025000
0 0.481250 0.850000 -0.031250 -0.025000
0 0.450000 0.774219 -0.037500 -0.026562
0 0.443750 0.749219 -0.028125 -0.023438
0 0.434375 0.727344 -0.037500 -0.023438
0 0.429688 0.705469 -0.037500 -0.020313
0 0.418750 0.682813 -0.040625 -0.025000
0 0.415625 0.658594 -0.040625 -0.026562
0 0.403125 0.631250 -0.037500 -0.025000
0 0.396875 0.606250 -0.034375 -0.028125
0 0.387500 0.575000 -0.034375 -0.031250
0 0.376563 0.543750 -0.037500 -0.034375
0 0.356250 0.481250 -0.034375 -0.025000
0 0.365625 0.512500 -0.034375 -0.034375
0 0.346875 0.457813 -0.043750 -0.025000
0 0.339844 0.430469 -0.035937 -0.029687
0 0.331250 0.400000 -0.040625 -0.031250
0 0.562500 0.981250 0.034375 0.028125
0 0.553125 0.955469 -0.043750 -0.026562
0 0.543750 0.930469 -0.043750 -0.029687
0 0.534375 0.901563 -0.040625 -0.028125
0 0.527344 0.875000 -0.042188 -0.021875
0 0.509375 0.825000 -0.034375 -0.028125
0 0.517969 0.852344 -0.042188 -0.023438
0 0.500000 0.799219 -0.043750 -0.026562
0 0.489063 0.774219 -0.043750 -0.026562
0 0.481250 0.746875 -0.043750 -0.028125
0 0.475000 0.720313 -0.034375 -0.025000
0 0.468750 0.696875 -0.028125 -0.021875
0 0.456250 0.675000 -0.034375 -0.021875
0 0.453125 0.658594 -0.028125 -0.014063
0 0.443750 0.637500 -0.031250 -0.034375
0 0.434375 0.602344 -0.037500 -0.039062
0 0.421875 0.561719 -0.037500 -0.039062
0 0.396875 0.496875 -0.037500 -0.028125
0 0.406250 0.528125 -0.034375 -0.025000
0 0.387500 0.471094 -0.034375 -0.023438
0 0.381250 0.446094 -0.034375 -0.026562
0 0.371875 0.421875 -0.034375 -0.021875
0 0.368750 0.400000 -0.031250 -0.025000
0 0.600000 0.985938 0.034375 0.021875
0 0.590625 0.959375 0.031250 0.028125
0 0.584375 0.930469 -0.034375 -0.032813
0 0.575000 0.899219 -0.034375 -0.029687
0 0.562500 0.868750 -0.037500 -0.031250
0 0.546875 0.825000 -0.040625 -0.028125
0 0.556250 0.846875 -0.034375 -0.015625
0 0.540625 0.800000 -0.034375 -0.018750
0 0.532813 0.777344 -0.046875 -0.029687
0 0.525000 0.752344 -0.034375 -0.020313
0 0.517188 0.729688 -0.040625 -0.025000
0 0.511719 0.709375 -0.039062 -0.021875
0 0.501563 0.693750 -0.034375 -0.015625
0 0.493750 0.674219 -0.043750 -0.020313
0 0.489063 0.656250 -0.037500 -0.021875
0 0.483594 0.633594 -0.035937 -0.026562
0 0.471875 0.603125 -0.034375 -0.034375
0 0.462500 0.573438 -0.034375 -0.031250
0 0.446875 0.528125 -0.043750 -0.025000
0 0.454688 0.550000 -0.037500 -0.015625
0 0.439063 0.501563 -0.040625 -0.028125
0 0.427344 0.474219 -0.039062 -0.023438
0 0.418750 0.450000 -0.037500 -0.025000
0 0.415625 0.428125 -0.037500 -0.025000
0 0.405469 0.403125 -0.039062 -0.025000
0 0.642188 0.985938 0.037500 0.025000
0 0.631250 0.960938 -0.043750 -0.028125
0 0.621875 0.934375 -0.043750 -0.028125
0 0.617969 0.906250 -0.039062 -0.028125
0 0.606250 0.881250 -0.043750 -0.021875
0 0.603125 0.862500 -0.043750 -0.018750
0 0.600000 0.846875 -0.043750 -0.018750
0 0.592969 0.828125 -0.042188 -0.021875
0 0.587500 0.809375 -0.037500 -0.018750
0 0.580469 0.793750 -0.039062 -0.018750
0 0.575000 0.775000 -0.031250 -0.018750
0 0.556250 0.740625 -0.037500 -0.028125
0 0.550000 0.715625 -0.037500 -0.025000
0 0.543750 0.693750 -0.043750 -0.021875
0 0.535937 0.673438 -0.034375 -0.025000
0 0.527344 0.651563 -0.039062 -0.021875
0 0.521875 0.627344 -0.037500 -0.029687
0 0.511719 0.596875 -0.042188 -0.028125
0 0.500000 0.571875 -0.037500 -0.025000
0 0.493750 0.546875 -0.040625 -0.025000
0 0.486719 0.526563 -0.039062 -0.018750
0 0.478125 0.502344 -0.037500 -0.026562
0 0.468750 0.475000 -0.043750 -0.028125
0 0.457813 0.446875 -0.034375 -0.025000
0 0.450000 0.426563 -0.028125 -0.018750
0 0.443750 0.405469 -0.034375 -0.023438
0 0.678125 0.984375 0.037500 0.025000
0 0.665625 0.959375 -0.037500 -0.028125
0 0.662500 0.931250 -0.034375 -0.028125
0 0.655469 0.903125 -0.032813 -0.025000
0 0.645312 0.871875 -0.034375 -0.037500
0 0.625000 0.812500 -0.034375 -0.034375
0 0.634375 0.839844 -0.021875 -0.023438
0 0.611719 0.780469 -0.042188 -0.029687
0 0.603125 0.752344 -0.040625 -0.029687
0 0.596875 0.728125 -0.040625 -0.025000
0 0.579688 0.681250 -0.040625 -0.025000
0 0.586719 0.705469 -0.035937 -0.020313
0 0.568750 0.650000 -0.034375 -0.034375
0 0.559375 0.621094 -0.037500 -0.026562
0 0.543750 0.587500 -0.043750 -0.037500
0 0.533594 0.553125 -0.039062 -0.034375
0 0.525000 0.520312 -0.034375 -0.025000
0 0.512500 0.493750 -0.034375 -0.025000
0 0.506250 0.471094 -0.037500 -0.026562
0 0.496094 0.446875 -0.039062 -0.025000
0 0.718750 0.984375 0.037500 0.025000
0 0.706250 0.956250 0.043750 0.028125
0 0.692187 0.906250 -0.043750 -0.028125
0 0.703125 0.931250 -0.034375 -0.021875
0 0.674219 0.850000 -0.032813 -0.025000
0 0.682813 0.877344 -0.034375 -0.029687
0 0.665625 0.825000 -0.037500 -0.021875
0 0.664844 0.805469 -0.042188 -0.023438
0 0.653125 0.780469 -0.037500 -0.026562
0 0.642969 0.751563 -0.035937 -0.031250
0 0.634375 0.723437 -0.034375 -0.025000
0 0.621875 0.693750 -0.046875 -0.034375
0 0.615625 0.665625 -0.043750 -0.025000
0 0.602344 0.637500 -0.035937 -0.031250
0 0.593750 0.610938 -0.037500 -0.028125
0 0.586719 0.584375 -0.035937 -0.025000
0 0.579688 0.559375 -0.040625 -0.025000
0 0.568750 0.534375 -0.034375 -0.028125
0 0.562500 0.512500 -0.037500 -0.021875
0 0.553125 0.487500 -0.034375 -0.028125
0 0.542969 0.462500 -0.032813 -0.021875
0 0.534375 0.439844 -0.034375 -0.020313
0 0.527344 0.415625 -0.032813 -0.025000
0 0.484375 0.423438 -0.034375 -0.028125
0 0.480469 0.403125 -0.035937 -0.018750
0 0.756250 0.985938 0.034375 0.021875
0 0.750000 0.961719 -0.040625 -0.029687
0 0.740625 0.933594 -0.043750 -0.026562
0 0.737500 0.908594 -0.040625 -0.026562
0 0.715625 0.865625 -0.034375 -0.018750
0 0.721875 0.885938 -0.043750 -0.018750
0 0.711719 0.843750 -0.035937 -0.025000
0 0.703125 0.821875 -0.037500 -0.021875
0 0.700000 0.800000 -0.040625 -0.021875
0 0.693750 0.780469 -0.043750 -0.023438
0 0.680469 0.756250 -0.039062 -0.025000
0 0.671094 0.730469 -0.042188 -0.029687
0 0.664844 0.703125 -0.032813 -0.021875
0 0.659375 0.686719 -0.028125 -0.017188
0 0.653125 0.665625 -0.034375 -0.025000
0 0.646875 0.643750 -0.037500 -0.018750
0 0.640625 0.627344 -0.040625 -0.023438
0 0.633594 0.605469 -0.029687 -0.020313
0 0.628125 0.581250 -0.037500 -0.025000
0 0.618750 0.559375 -0.031250 -0.018750
0 0.610938 0.537500 -0.043750 -0.028125
0 0.600000 0.508594 -0.037500 -0.029687
0 0.589844 0.481250 -0.035937 -0.025000
0 0.581250 0.459375 -0.040625 -0.025000
0 0.574219 0.436719 -0.048438 -0.023438
0 0.564063 0.415625 -0.037500 -0.021875
0 0.796875 0.986719 0.040625 0.023438
0 0.790625 0.961719 -0.031250 -0.026562
0 0.782813 0.933594 -0.040625 -0.029687
0 0.775000 0.906250 -0.034375 -0.025000
0 0.767188 0.880469 -0.046875 -0.029687
0 0.750000 0.833594 -0.046875 -0.026562
0 0.756250 0.858594 -0.043750 -0.017188
0 0.746094 0.809375 -0.045312 -0.025000
0 0.739062 0.787500 -0.043750 -0.025000
0 0.731250 0.767969 -0.040625 -0.020313
0 0.720313 0.743750 -0.050000 -0.025000
0 0.714063 0.718750 -0.043750 -0.025000
0 0.700000 0.696094 -0.046875 -0.023438
0 0.690625 0.671875 -0.040625 -0.028125
0 0.684375 0.646875 -0.037500 -0.021875
0 0.678125 0.624219 -0.043750 -0.023438
0 0.676562 0.600000 -0.025000 -0.021875
0 0.665625 0.575000 -0.037500 -0.025000
0 0.658594 0.551562 -0.045312 -0.028125
0 0.645312 0.528125 -0.034375 -0.018750
0 0.637500 0.506250 -0.034375 -0.025000
0 0.626563 0.481250 -0.040625 -0.021875
0 0.621875 0.461719 -0.034375 -0.023438
0 0.617188 0.437500 -0.034375 -0.025000
0 0.606250 0.415625 -0.040625 -0.018750
0 0.825000 0.960938 0.040625 0.021875
0 0.823438 0.937500 -0.040625 -0.025000
0 0.835938 0.986719 0.040625 0.020313
0 0.806250 0.884375 -0.034375 -0.028125
0 0.796094 0.856250 -0.039062 -0.031250
0 0.810937 0.909375 -0.025000 -0.021875
0 0.792188 0.821875 -0.034375 -0.034375
0 0.780469 0.792969 -0.026562 -0.023438
0 0.762500 0.765625 -0.028125 -0.028125
0 0.753125 0.737500 -0.028125 -0.031250
0 0.746875 0.709375 -0.025000 -0.018750
0 0.721875 0.664844 -0.040625 -0.020313
0 0.737500 0.689844 0.028125 0.023438
0 0.721875 0.642969 -0.037500 -0.026562
0 0.710938 0.596094 -0.040625 -0.023438
0 0.715625 0.618750 0.037500 0.025000
0 0.704688 0.577344 -0.037500 -0.017188
0 0.698438 0.556250 -0.028125 -0.021875
0 0.684375 0.530469 -0.034375 -0.029687
0 0.675000 0.506250 -0.037500 -0.021875
0 0.662500 0.481250 -0.034375 -0.025000
0 0.658594 0.458594 -0.035937 -0.023438
0 0.653125 0.437500 -0.040625 -0.025000
0 0.871875 0.985938 0.025000 0.025000
0 0.892969 0.982812 0.017188 0.025000
0 0.887500 0.962500 0.018750 0.018750
0 0.859375 0.961719 0.025000 0.017188
0 0.867969 0.939063 -0.045312 -0.025000
0 0.855469 0.912500 -0.054688 -0.025000
0 0.846094 0.892188 -0.048438 -0.021875
0 0.839844 0.871875 -0.045312 -0.021875
0 0.831250 0.850000 -0.034375 -0.018750
0 0.825000 0.825000 -0.034375 -0.031250
0 0.808594 0.781250 -0.032813 -0.018750
0 0.812500 0.800000 -0.034375 -0.021875
0 0.799219 0.762500 -0.039062 -0.021875
0 0.796875 0.746094 -0.034375 -0.014063
0 0.787500 0.729688 -0.037500 -0.018750
0 0.783594 0.709375 -0.042188 -0.021875
0 0.775000 0.689063 -0.034375 -0.018750
0 0.768750 0.668750 -0.046875 -0.025000
0 0.759375 0.642969 -0.037500 -0.023438
0 0.756250 0.618750 -0.040625 -0.028125
0 0.746875 0.593750 -0.034375 -0.021875
0 0.739062 0.575000 -0.034375 -0.018750
0 0.731250 0.554688 -0.037500 -0.021875
0 0.721094 0.531250 -0.039062 -0.025000
0 0.715625 0.509375 -0.034375 -0.021875
0 0.706250 0.489844 -0.050000 -0.026562
0 0.698438 0.462500 -0.043750 -0.025000
0 0.696875 0.437500 -0.043750 -0.025000
0 0.651563 0.415625 -0.040625 -0.021875
0 0.690625 0.415625 -0.037500 -0.021875
0 0.917969 0.987500 0.032813 0.018750
0 0.911719 0.962500 0.032813 0.025000
0 0.906250 0.937500 -0.031250 -0.025000
0 0.900000 0.912500 -0.034375 -0.025000
0 0.887500 0.887500 -0.034375 -0.025000
0 0.878125 0.868750 -0.031250 -0.015625
0 0.865625 0.850000 -0.034375 -0.018750
0 0.859375 0.828125 -0.028125 -0.031250
0 0.843750 0.778125 -0.034375 -0.031250
0 0.868750 0.812500 -0.003125 0.000000
0 0.834375 0.753125 -0.034375 -0.025000
0 0.825000 0.728125 -0.037500 -0.025000
0 0.810937 0.686719 -0.028125 -0.026562
0 0.817969 0.706250 -0.032813 -0.021875
0 0.800000 0.635938 -0.037500 -0.046875
0 0.804688 0.667188 -0.028125 -0.012500
0 0.778125 0.596094 -0.034375 -0.020313
0 0.775000 0.579688 -0.025000 -0.018750
0 0.771875 0.558594 -0.031250 -0.023438
0 0.762500 0.535937 -0.031250 -0.021875
0 0.752344 0.508594 -0.032813 -0.035937
0 0.751563 0.483594 -0.037500 -0.017188
0 0.743750 0.464844 -0.040625 -0.020313
0 0.736719 0.440625 -0.039062 -0.025000
0 0.730469 0.418750 -0.045312 -0.028125
0 0.955469 0.984375 0.035937 0.025000
0 0.950000 0.962500 -0.034375 -0.021875
0 0.929688 0.937500 0.000000 0.000000
0 0.943750 0.940625 -0.037500 -0.025000
0 0.939844 0.917969 -0.042188 -0.026562
0 0.925000 0.892188 -0.037500 -0.028125
0 0.917188 0.868750 -0.046875 -0.021875
0 0.903125 0.846094 -0.050000 -0.023438
0 0.896094 0.825000 -0.042188 -0.018750
0 0.887500 0.802344 -0.040625 -0.026562
0 0.852344 0.805469 -0.029687 -0.017188
0 0.881250 0.778125 -0.034375 -0.025000
0 0.871875 0.752344 -0.037500 -0.026562
0 0.859375 0.725000 -0.034375 -0.028125
0 0.852344 0.703125 -0.035937 -0.021875
0 0.846875 0.681250 -0.040625 -0.025000
0 0.840625 0.662500 -0.040625 -0.018750
0 0.839844 0.637500 -0.035937 -0.031250
0 0.829688 0.609375 -0.040625 -0.025000
0 0.814844 0.584375 -0.035937 -0.025000
0 0.806250 0.562500 -0.031250 -0.025000
0 0.796094 0.520312 -0.035937 -0.025000
0 0.799219 0.542188 -0.029687 -0.018750
0 0.792969 0.496875 -0.029687 -0.025000
0 0.983594 0.971875 0.026562 0.037500
0 0.977344 0.937500 0.035937 0.025000
0 0.975000 0.909375 0.034375 0.028125
0 0.964063 0.878125 0.037500 0.025000
0 0.955469 0.849219 -0.045312 -0.026562
0 0.990625 0.871875 0.009375 0.031250
0 0.987500 0.845313 0.015625 0.015625
0 0.940625 0.825000 -0.050000 -0.021875
0 0.932813 0.805469 -0.043750 -0.023438
0 0.924219 0.783594 -0.042188 -0.020313
0 0.917188 0.760938 -0.043750 -0.031250
0 0.904687 0.734375 -0.043750 -0.018750
0 0.900000 0.714844 -0.053125 -0.020313
0 0.887500 0.668750 -0.040625 -0.028125
0 0.892188 0.693750 -0.043750 -0.018750
0 0.880469 0.642188 -0.039062 -0.025000
0 0.875000 0.617969 -0.037500 -0.026562
0 0.862500 0.590625 -0.059375 -0.028125
0 0.845313 0.542188 -0.050000 -0.028125
0 0.853125 0.568750 -0.046875 -0.021875
0 0.836719 0.515625 -0.051562 -0.025000
0 0.831250 0.490625 -0.043750 -0.025000
0 0.784375 0.468750 -0.037500 -0.028125
0 0.777344 0.440625 -0.039062 -0.025000
0 0.825000 0.465625 -0.046875 -0.025000
0 0.817187 0.440625 -0.034375 -0.025000
0 0.979688 0.818750 0.031250 0.031250
0 0.968750 0.792969 -0.034375 -0.020313
0 0.964063 0.771875 -0.031250 -0.021875
0 0.955469 0.752344 -0.035937 -0.023438
0 0.949219 0.731250 -0.039062 -0.021875
0 0.943750 0.712500 -0.034375 -0.015625
0 0.931250 0.693750 -0.040625 -0.021875
0 0.927344 0.671875 -0.035937 -0.025000
0 0.924219 0.651563 -0.035937 -0.018750
0 0.917969 0.634375 -0.032813 -0.018750
0 0.911719 0.614062 -0.032813 -0.025000
0 0.906250 0.590625 -0.028125 -0.025000
0 0.896094 0.565625 -0.032813 -0.021875
0 0.886719 0.542969 -0.029687 -0.026562
0 0.878125 0.512500 -0.031250 -0.034375
0 0.871094 0.489063 -0.035937 -0.021875
0 0.862500 0.462500 -0.028125 -0.028125
0 0.849219 0.440625 -0.029687 -0.021875
0 0.992188 0.787500 0.009375 0.028125
0 0.985938 0.749219 0.018750 0.035937
0 0.979688 0.714844 0.034375 0.026562
0 0.971094 0.686719 -0.039062 -0.029687
0 0.965625 0.657813 -0.043750 -0.025000
0 0.955469 0.633594 -0.039062 -0.023438
0 0.950000 0.609375 -0.037500 -0.025000
0 0.942187 0.587500 -0.034375 -0.021875
0 0.931250 0.564063 -0.034375 -0.028125
0 0.925000 0.537500 -0.040625 -0.025000
0 0.921875 0.517188 -0.037500 -0.021875
0 0.912500 0.493750 -0.043750 -0.031250
0 0.903125 0.465625 -0.050000 -0.025000
0 0.887500 0.440625 -0.043750 -0.028125
0 0.985938 0.633594 0.018750 0.048438
0 0.978125 0.578125 0.040625 0.037500
0 0.971094 0.540625 0.039062 0.028125
0 0.956250 0.508594 0.028125 0.026562
0 0.950000 0.483594 -0.034375 -0.023438
0 0.942969 0.462500 -0.035937 -0.018750
0 0.936719 0.443750 -0.042188 -0.025000
0 0.984375 0.504687 0.021875 0.034375
0 0.992969 0.537500 0.004687 0.025000
0 0.978125 0.464844 0.034375 0.039062
0 0.971875 0.425000 0.034375 0.028125
0 0.017188 0.381250 -0.034375 -0.025000
0 0.009375 0.353125 -0.015625 -0.025000
0 0.007812 0.331250 -0.015625 -0.025000
0 0.059375 0.395313 0.031250 0.018750
0 0.048438 0.371875 -0.031250 -0.028125
0 0.037500 0.349219 -0.031250 -0.020313
0 0.031250 0.325000 -0.034375 -0.025000
0 0.023438 0.296094 -0.040625 -0.032813
0 0.011719 0.268750 -0.020313 -0.018750
0 0.007812 0.240625 -0.015625 -0.034375
0 0.085938 0.371875 0.037500 0.025000
0 0.080469 0.346094 0.039062 0.023438
0 0.068750 0.318750 0.037500 0.021875
0 0.062500 0.296875 -0.034375 -0.028125
0 0.053125 0.271875 -0.037500 -0.021875
0 0.043750 0.250000 -0.040625 -0.025000
0 0.034375 0.227344 -0.037500 -0.017188
0 0.028125 0.203125 -0.037500 -0.028125
0 0.021094 0.178125 -0.035937 -0.025000
0 0.012500 0.154688 -0.025000 -0.021875
0 0.011719 0.129688 -0.017188 -0.025000
0 0.134375 0.392188 0.025000 0.025000
0 0.127344 0.368750 -0.032813 -0.025000
0 0.114844 0.343750 -0.035937 -0.031250
0 0.093750 0.281250 -0.028125 -0.025000
0 0.107813 0.311719 -0.034375 -0.029687
0 0.081250 0.250000 -0.025000 -0.031250
0 0.073438 0.218750 -0.025000 -0.028125
0 0.057813 0.184375 -0.031250 -0.028125
0 0.043750 0.153125 -0.037500 -0.031250
0 0.034375 0.121875 -0.031250 -0.028125
0 0.020313 0.093750 -0.025000 -0.025000
0 0.014063 0.062500 -0.025000 -0.031250
0 0.008594 0.037500 -0.007812 -0.015625
0 0.168750 0.396875 0.037500 0.028125
0 0.164844 0.367969 -0.035937 -0.032813
0 0.154688 0.337500 -0.034375 -0.018750
0 0.143750 0.314063 -0.034375 -0.034375
0 0.125000 0.273438 -0.037500 -0.046875
0 0.112500 0.232813 -0.034375 -0.034375
0 0.104688 0.206250 -0.034375 -0.021875
0 0.090625 0.176563 -0.040625 -0.034375
0 0.078125 0.140625 -0.040625 -0.034375
0 0.071094 0.109375 -0.039062 -0.025000
0 0.059375 0.081250 -0.043750 -0.028125
0 0.046875 0.050000 -0.037500 -0.034375
0 0.033594 0.017969 -0.035937 -0.029687
0 0.208594 0.384375 0.026562 0.018750
0 0.200000 0.358594 -0.031250 -0.032813
0 0.180469 0.324219 -0.035937 -0.032813
0 0.174219 0.296875 -0.035937 -0.021875
0 0.162500 0.267188 -0.034375 -0.034375
0 0.152344 0.232813 -0.039062 -0.034375
0 0.140625 0.196875 -0.043750 -0.028125
0 0.130469 0.165625 -0.035937 -0.025000
0 0.120313 0.136719 -0.037500 -0.035937
0 0.112500 0.104688 -0.040625 -0.031250
0 0.099219 0.078125 -0.035937 -0.025000
0 0.093750 0.057813 -0.034375 -0.021875
0 0.081250 0.028125 -0.034375 -0.031250
0 0.243750 0.381250 0.037500 0.021875
0 0.237500 0.360938 -0.037500 -0.021875
0 0.228125 0.331250 -0.037500 -0.031250
0 0.212500 0.301563 -0.037500 -0.031250
0 0.206250 0.268750 -0.040625 -0.034375
0 0.196875 0.237500 -0.040625 -0.034375
0 0.187500 0.209375 -0.034375 -0.028125
0 0.178125 0.183594 -0.034375 -0.026562
0 0.164062 0.158594 -0.034375 -0.023438
0 0.158594 0.136719 -0.029687 -0.023438
0 0.152344 0.108594 -0.023438 -0.026562
0 0.140625 0.081250 -0.031250 -0.025000
0 0.129688 0.057813 -0.034375 -0.025000
0 0.123438 0.034375 -0.031250 -0.025000
0 0.115625 0.012500 -0.037500 -0.018750
0 0.283594 0.374219 0.032813 0.023438
0 0.275000 0.346875 -0.037500 -0.025000
0 0.268750 0.318750 -0.034375 -0.018750
0 0.259375 0.298438 -0.037500 -0.025000
0 0.251563 0.273438 -0.040625 -0.025000
0 0.243750 0.249219 -0.037500 -0.026562
0 0.227344 0.224219 -0.039062 -0.020313
0 0.224219 0.203125 -0.035937 -0.021875
0 0.212500 0.179688 -0.034375 -0.021875
0 0.202344 0.154688 -0.035937 -0.025000
0 0.184375 0.109375 -0.031250 -0.025000
0 0.193750 0.132812 -0.028125 -0.018750
0 0.174219 0.078125 -0.035937 -0.034375
0 0.168750 0.049219 -0.034375 -0.023438
0 0.161719 0.020313 -0.035937 -0.034375
0 0.321875 0.374219 -0.028125 -0.023438
0 0.314063 0.350000 -0.025000 -0.018750
0 0.306250 0.325000 -0.028125 -0.031250
0 0.298438 0.296875 -0.028125 -0.025000
0 0.286719 0.268750 -0.029687 -0.031250
0 0.271875 0.242969 -0.025000 -0.023438
0 0.264844 0.217969 -0.032813 -0.029687
0 0.253125 0.185938 -0.037500 -0.037500
0 0.239063 0.153125 -0.040625 -0.031250
0 0.225000 0.121875 -0.034375 -0.034375
0 0.215625 0.089063 -0.034375 -0.034375
0 0.209375 0.059375 -0.034375 -0.028125
0 0.196875 0.014063 -0.025000 -0.025000
0 0.203125 0.036719 -0.028125 -0.014063
0 0.355469 0.371875 -0.035937 -0.025000
0 0.349219 0.346875 -0.035937 -0.025000
0 0.339844 0.318750 -0.032813 -0.025000
0 0.333594 0.292969 -0.039062 -0.029687
0 0.321875 0.262500 -0.040625 -0.028125
0 0.306250 0.232813 -0.034375 -0.034375
0 0.298438 0.193750 -0.037500 -0.031250
0 0.287500 0.170313 -0.031250 -0.018750
0 0.280469 0.142969 -0.035937 -0.026562
0 0.271094 0.117969 -0.039062 -0.026562
0 0.259375 0.092188 -0.034375 -0.025000
0 0.251563 0.073438 -0.028125 -0.018750
0 0.240625 0.048438 -0.034375 -0.021875
0 0.234375 0.018750 -0.031250 -0.034375
0 0.396875 0.378125 -0.034375 -0.025000
0 0.390625 0.350000 -0.040625 -0.034375
0 0.381250 0.321094 -0.037500 -0.020313
0 0.376563 0.292969 -0.040625 -0.032813
0 0.356250 0.259375 -0.031250 -0.025000
0 0.349219 0.228125 -0.039062 -0.034375
0 0.340625 0.193750 -0.034375 -0.028125
0 0.328125 0.165625 -0.040625 -0.028125
0 0.317188 0.134375 -0.034375 -0.028125
0 0.309375 0.110937 -0.031250 -0.021875
0 0.298438 0.087500 -0.034375 -0.025000
0 0.286719 0.062500 -0.032813 -0.021875
0 0.278125 0.037500 -0.031250 -0.025000
0 0.271875 0.012500 -0.034375 -0.021875
0 0.434375 0.378125 0.028125 0.021875
0 0.431250 0.356250 -0.034375 -0.025000
0 0.424219 0.330469 -0.035937 -0.026562
0 0.418750 0.302344 -0.028125 -0.023438
0 0.403125 0.271875 -0.031250 -0.031250
0 0.396875 0.239844 -0.034375 -0.029687
0 0.387500 0.209375 -0.037500 -0.034375
0 0.374219 0.178125 -0.032813 -0.031250
0 0.358594 0.150000 -0.039062 -0.028125
0 0.353125 0.118750 -0.034375 -0.028125
0 0.332813 0.081250 -0.025000 -0.018750
0 0.321875 0.050000 -0.043750 -0.025000
0 0.311719 0.009375 -0.035937 -0.018750
0 0.475000 0.380469 0.034375 0.023438
0 0.465625 0.353125 -0.034375 -0.025000
0 0.461719 0.325000 -0.029687 -0.025000
0 0.449219 0.300000 -0.029687 -0.021875
0 0.440625 0.275000 -0.028125 -0.028125
0 0.431250 0.243750 -0.025000 -0.018750
0 0.424219 0.221094 -0.023438 -0.023438
0 0.417969 0.192969 -0.039062 -0.026562
0 0.408594 0.165625 -0.035937 -0.021875
0 0.396875 0.140625 -0.028125 -0.025000
0 0.387500 0.114844 -0.034375 -0.026562
0 0.374219 0.089063 -0.042188 -0.028125
0 0.367188 0.062500 -0.037500 -0.028125
0 0.359375 0.034375 -0.034375 -0.021875
0 0.350000 0.014063 -0.028125 -0.018750
0 0.317188 0.028125 -0.031250 -0.015625
0 0.518750 0.387500 -0.040625 -0.028125
0 0.506250 0.355469 -0.037500 -0.032813
0 0.496875 0.321875 -0.037500 -0.031250
0 0.485938 0.287500 -0.040625 -0.037500
0 0.471875 0.258594 -0.034375 -0.023438
0 0.462500 0.232813 -0.034375 -0.025000
0 0.454688 0.207813 -0.025000 -0.021875
0 0.450000 0.183594 -0.018750 -0.020313
0 0.446875 0.165625 -0.025000 -0.018750
0 0.434375 0.148438 -0.031250 -0.018750
0 0.425000 0.127344 -0.025000 -0.014063
0 0.410938 0.081250 -0.021875 -0.028125
0 0.418750 0.109375 -0.021875 -0.018750
0 0.400000 0.050000 -0.028125 -0.021875
0 0.389844 0.021094 -0.029687 -0.032813
0 0.559375 0.387500 -0.031250 -0.028125
0 0.533594 0.325000 -0.026562 -0.031250
0 0.546875 0.356250 -0.028125 -0.025000
0 0.525000 0.290625 -0.025000 -0.028125
0 0.510938 0.258594 -0.025000 -0.032813
0 0.496875 0.215625 -0.034375 -0.034375
0 0.484375 0.181250 -0.034375 -0.034375
0 0.471875 0.148438 -0.034375 -0.028125
0 0.449219 0.084375 -0.032813 -0.021875
0 0.443750 0.062500 -0.025000 -0.021875
0 0.456250 0.112500 -0.025000 -0.028125
0 0.434375 0.042188 -0.034375 -0.018750
0 0.425000 0.015625 -0.025000 -0.025000
0 0.600000 0.387500 -0.031250 -0.028125
0 0.587500 0.350000 -0.034375 -0.040625
0 0.571875 0.309375 -0.034375 -0.034375
0 0.550000 0.250000 -0.037500 -0.025000
0 0.559375 0.278125 -0.034375 -0.018750
0 0.540625 0.221875 -0.037500 -0.025000
0 0.530469 0.192188 -0.032813 -0.025000
0 0.525000 0.165625 -0.034375 -0.025000
0 0.508594 0.136719 -0.032813 -0.023438
0 0.486719 0.089063 -0.029687 -0.031250
0 0.465625 0.021875 -0.040625 -0.034375
0 0.474219 0.055469 -0.023438 -0.029687
0 0.637500 0.389844 0.037500 0.020313
0 0.633594 0.365625 -0.039062 -0.025000
0 0.611719 0.301563 -0.029687 -0.031250
0 0.620313 0.333594 -0.025000 -0.023438
0 0.600000 0.271094 -0.031250 -0.026562
0 0.587500 0.237500 -0.034375 -0.031250
0 0.571875 0.201563 -0.037500 -0.037500
0 0.562500 0.170313 -0.034375 -0.025000
0 0.550000 0.142969 -0.037500 -0.026562
0 0.537500 0.111719 -0.037500 -0.029687
0 0.527344 0.075000 -0.039062 -0.043750
0 0.496094 0.115625 -0.017188 -0.012500
0 0.517969 0.039062 -0.035937 -0.025000
0 0.509375 0.015625 -0.034375 -0.021875
0 0.678125 0.389844 -0.025000 -0.023438
0 0.668750 0.358594 -0.028125 -0.032813
0 0.660937 0.328125 -0.034375 -0.021875
0 0.651563 0.300000 -0.034375 -0.028125
0 0.637500 0.267188 -0.040625 -0.031250
0 0.625000 0.232813 -0.034375 -0.034375
0 0.615625 0.207813 -0.012500 -0.009375
0 0.606250 0.178125 -0.025000 -0.021875
0 0.596875 0.156250 -0.021875 -0.015625
0 0.582812 0.127344 -0.028125 -0.026562
0 0.574219 0.096875 -0.029687 -0.025000
0 0.565625 0.071875 -0.021875 -0.021875
0 0.556250 0.046875 -0.025000 -0.021875
0 0.550000 0.017969 -0.021875 -0.026562
0 0.720313 0.396094 -0.025000 -0.010937
0 0.712500 0.374219 -0.034375 -0.023438
0 0.705469 0.346875 -0.032813 -0.028125
0 0.696094 0.321094 -0.026562 -0.020313
0 0.687500 0.293750 -0.034375 -0.028125
0 0.674219 0.255469 -0.026562 -0.010937
0 0.681250 0.271875 -0.025000 -0.015625
0 0.662500 0.233594 -0.025000 -0.032813
0 0.653125 0.193750 -0.034375 -0.043750
0 0.639844 0.165625 -0.023438 -0.015625
0 0.618750 0.109375 -0.034375 -0.031250
0 0.602344 0.071875 -0.039062 -0.043750
0 0.596875 0.037500 -0.034375 -0.009375
0 0.586719 0.017969 -0.039062 -0.029687
0 0.768750 0.412500 -0.028125 -0.025000
0 0.756250 0.379688 -0.025000 -0.034375
0 0.742188 0.345313 -0.025000 -0.031250
0 0.731250 0.315625 -0.018750 -0.025000
0 0.721875 0.287500 -0.018750 -0.025000
0 0.710938 0.258594 -0.025000 -0.020313
0 0.700000 0.228125 -0.034375 -0.031250
0 0.690625 0.189844 -0.031250 -0.032813
0 0.678125 0.158594 -0.034375 -0.023438
0 0.629687 0.142969 -0.025000 -0.017188
0 0.659375 0.121875 -0.031250 -0.018750
0 0.652344 0.087500 -0.035937 -0.034375
0 0.642969 0.055469 -0.029687 -0.023438
0 0.631250 0.023438 -0.031250 -0.034375
0 0.804688 0.412500 0.031250 0.025000
0 0.792969 0.381250 -0.032813 -0.031250
0 0.781250 0.350000 -0.034375 -0.034375
0 0.764844 0.315625 -0.029687 -0.034375
0 0.746875 0.246875 -0.043750 -0.031250
0 0.754687 0.280469 -0.034375 -0.026562
0 0.737500 0.212500 -0.034375 -0.028125
0 0.725000 0.179688 -0.028125 -0.028125
0 0.714063 0.150000 -0.031250 -0.025000
0 0.700000 0.121875 -0.025000 -0.025000
0 0.690625 0.090625 -0.031250 -0.031250
0 0.683594 0.057813 -0.029687 -0.028125
0 0.667188 0.005469 -0.015625 -0.007812
0 0.843750 0.415625 0.025000 0.025000
0 0.831250 0.384375 -0.028125 -0.031250
0 0.817969 0.350000 -0.026562 -0.034375
0 0.804688 0.312500 -0.040625 -0.037500
0 0.787500 0.274219 -0.028125 -0.029687
0 0.785937 0.243750 -0.021875 -0.025000
0 0.778125 0.218750 -0.028125 -0.031250
0 0.764844 0.185938 -0.029687 -0.025000
0 0.753125 0.158594 -0.031250 -0.023438
0 0.740625 0.129688 -0.034375 -0.031250
0 0.734375 0.100000 -0.040625 -0.028125
0 0.718750 0.068750 -0.031250 -0.040625
0 0.706250 0.024219 -0.028125 -0.042188
0 0.668750 0.025000 -0.028125 -0.018750
0 0.880469 0.411719 -0.035937 -0.023438
0 0.865625 0.381250 -0.034375 -0.034375
0 0.856250 0.346875 -0.034375 -0.034375
0 0.846875 0.314063 -0.031250 -0.031250
0 0.834375 0.280469 -0.028125 -0.032813
0 0.821875 0.253125 -0.031250 -0.025000
0 0.812500 0.212500 -0.034375 -0.028125
0 0.802344 0.185938 -0.032813 -0.028125
0 0.792188 0.156250 -0.040625 -0.028125
0 0.782813 0.121875 -0.034375 -0.028125
0 0.762500 0.084375 -0.037500 -0.034375
0 0.743750 0.015625 -0.034375 -0.028125
0 0.753125 0.050000 -0.034375 -0.031250
0 0.924219 0.418750 -0.029687 -0.025000
0 0.915625 0.390625 -0.034375 -0.031250
0 0.898438 0.350000 -0.037500 -0.040625
0 0.889844 0.321094 -0.023438 -0.010937
0 0.877344 0.290625 -0.035937 -0.040625
0 0.865625 0.256250 -0.034375 -0.025000
0 0.856250 0.225000 -0.028125 -0.031250
0 0.842187 0.196875 -0.034375 -0.025000
0 0.837500 0.164844 -0.031250 -0.035937
0 0.825000 0.129688 -0.034375 -0.031250
0 0.809375 0.093750 -0.034375 -0.037500
0 0.796875 0.056250 -0.028125 -0.034375
0 0.782813 0.015625 -0.031250 -0.025000
0 0.956250 0.396094 -0.034375 -0.023438
0 0.933594 0.328125 -0.035937 -0.034375
0 0.939844 0.361719 -0.029687 -0.026562
0 0.918750 0.287500 -0.031250 -0.034375
0 0.889062 0.210938 -0.037500 -0.043750
0 0.903125 0.252344 -0.034375 -0.029687
0 0.862500 0.127344 -0.025000 -0.020313
0 0.876563 0.162500 -0.034375 -0.034375
0 0.837500 0.057813 -0.043750 -0.034375
0 0.848437 0.096875 -0.028125 -0.034375
0 0.831250 0.033594 -0.031250 -0.014063
0 0.821875 0.009375 -0.034375 -0.015625
0 0.983594 0.374219 -0.020313 -0.026562
0 0.974219 0.343750 -0.029687 -0.034375
0 0.965625 0.311719 -0.031250 -0.023438
0 0.950000 0.281250 -0.028125 -0.028125
0 0.939844 0.249219 -0.029687 -0.029687
0 0.918750 0.184375 -0.028125 -0.028125
0 0.931250 0.221875 -0.025000 -0.021875
0 0.901563 0.123438 -0.031250 -0.034375
0 0.909375 0.156250 -0.021875 -0.025000
0 0.886719 0.059375 -0.032813 -0.028125
0 0.871094 0.021875 -0.035937 -0.037500
0 0.986719 0.282813 0.017188 0.028125
0 0.992969 0.311719 0.010937 0.023438
0 0.975000 0.243750 -0.037500 -0.037500
0 0.964844 0.208594 -0.026562 -0.029687
0 0.956250 0.178125 -0.034375 -0.025000
0 0.942969 0.131250 -0.029687 -0.031250
0 0.937500 0.100000 -0.025000 -0.031250
0 0.927344 0.065625 -0.032813 -0.034375
0 0.911719 0.021875 -0.029687 -0.037500
0 0.956250 0.024219 -0.037500 -0.035937
0 0.962500 0.065625 0.028125 0.037500
0 0.984375 0.154688 0.018750 0.040625
0 0.990625 0.199219 0.012500 0.029687
0 0.978125 0.109375 0.028125 0.034375
0 0.989844 0.064844 0.010937 0.032813
0 0.986719 0.028125 -0.014063 -0.034375
