0 0.011719 0.792969 -0.017188 -0.039062
0 0.037500 0.800000 0.028125 0.025000
0 0.033594 0.776563 -0.029687 -0.031250
0 0.018750 0.722656 -0.034375 -0.035937
0 0.023438 0.753125 -0.025000 -0.021875
0 0.015625 0.695312 -0.025000 -0.021875
0 0.010937 0.672656 -0.018750 -0.032813
0 0.009375 0.640625 -0.015625 -0.040625
0 0.007031 0.608594 -0.014063 -0.032813
0 0.075000 0.789062 0.043750 0.025000
0 0.064062 0.760156 0.050000 0.026562
0 0.061719 0.737500 -0.045312 -0.025000
0 0.060937 0.712500 -0.040625 -0.031250
0 0.046875 0.682813 -0.050000 -0.031250
0 0.040625 0.634375 -0.037500 -0.034375
0 0.041406 0.660156 -0.042188 -0.020313
0 0.028906 0.603125 -0.035937 -0.031250
0 0.021094 0.574219 -0.039062 -0.032813
0 0.016406 0.539844 -0.029687 -0.039062
0 0.110937 0.771094 0.040625 0.032813
0 0.107813 0.742969 0.037500 0.023438
0 0.098437 0.716406 0.037500 0.026562
0 0.093750 0.693750 -0.037500 -0.025000
0 0.085938 0.669531 -0.040625 -0.023438
0 0.082031 0.644531 -0.035937 -0.032813
0 0.072656 0.615625 -0.045312 -0.028125
0 0.065625 0.593750 -0.043750 -0.021875
0 0.059375 0.567187 -0.040625 -0.034375
0 0.042188 0.506250 -0.043750 -0.028125
0 0.051562 0.537500 -0.043750 -0.031250
0 0.013281 0.505469 -0.023438 -0.032813
0 0.008594 0.478125 -0.014063 -0.028125
0 0.031250 0.478125 -0.040625 -0.031250
0 0.023438 0.453125 -0.043750 -0.025000
0 0.022656 0.432031 -0.042188 -0.023438
0 0.017969 0.407031 -0.035937 -0.032813
0 0.015625 0.367188 -0.025000 -0.050000
0 0.150000 0.761719 0.031250 0.051562
0 0.137500 0.714844 -0.040625 -0.035937
0 0.129688 0.680469 -0.037500 -0.039062
0 0.117188 0.638281 -0.040625 -0.048438
0 0.100000 0.589844 -0.037500 -0.042188
0 0.092188 0.552344 -0.040625 -0.035937
0 0.081250 0.511719 -0.034375 -0.042188
0 0.071094 0.478125 -0.042188 -0.034375
0 0.062500 0.444531 -0.046875 -0.035937
0 0.053125 0.410938 -0.037500 -0.037500
0 0.047656 0.378125 -0.045312 -0.037500
0 0.018750 0.311719 -0.037500 -0.032813
0 0.028906 0.345313 -0.039062 -0.031250
0 0.017188 0.276562 -0.028125 -0.037500
0 0.009375 0.243750 -0.015625 -0.028125
0 0.007031 0.218750 -0.014063 -0.028125
0 0.196875 0.787500 0.050000 0.031250
0 0.192188 0.757812 0.040625 0.025000
0 0.183594 0.727344 -0.048438 -0.039062
0 0.175781 0.705469 -0.039062 -0.017188
0 0.163281 0.678125 -0.039062 -0.034375
0 0.153906 0.642969 -0.042188 -0.032813
0 0.146875 0.610938 -0.040625 -0.034375
0 0.136719 0.581250 -0.032813 -0.031250
0 0.124219 0.546094 -0.032813 -0.039062
0 0.119531 0.513281 -0.035937 -0.032813
0 0.110937 0.478906 -0.031250 -0.029687
0 0.099219 0.447656 -0.035937 -0.029687
0 0.090625 0.415625 -0.034375 -0.034375
0 0.078906 0.385156 -0.032813 -0.032813
0 0.070312 0.357031 -0.040625 -0.023438
0 0.062500 0.332813 -0.043750 -0.031250
0 0.053125 0.304688 -0.043750 -0.028125
0 0.048438 0.276562 -0.040625 -0.031250
0 0.036719 0.246875 -0.042188 -0.028125
0 0.029687 0.222656 -0.037500 -0.020313
0 0.021875 0.203125 -0.040625 -0.025000
0 0.016406 0.169531 -0.029687 -0.035937
0 0.300000 0.985938 0.034375 0.021875
0 0.295312 0.966406 -0.037500 -0.026562
0 0.286719 0.940625 -0.039062 -0.025000
0 0.279687 0.916406 -0.043750 -0.026562
0 0.275781 0.889062 -0.039062 -0.031250
0 0.264844 0.860156 -0.042188 -0.026562
0 0.257031 0.833594 -0.042188 -0.032813
0 0.241406 0.791406 -0.026562 -0.026562
0 0.235937 0.764062 -0.040625 -0.034375
0 0.228125 0.732812 -0.037500 -0.034375
0 0.210156 0.693750 -0.045312 -0.050000
0 0.198437 0.652344 -0.040625 -0.035937
0 0.187500 0.619531 -0.043750 -0.042188
0 0.175000 0.583594 -0.043750 -0.035937
0 0.161719 0.548438 -0.039062 -0.037500
0 0.152344 0.510938 -0.045312 -0.043750
0 0.140625 0.473438 -0.037500 -0.040625
0 0.338281 0.985938 0.042188 0.025000
0 0.332031 0.959375 -0.045312 -0.031250
0 0.323437 0.928906 -0.043750 -0.029687
0 0.321094 0.899219 -0.035937 -0.029687
0 0.308594 0.872656 -0.042188 -0.023438
0 0.306250 0.850000 -0.034375 -0.028125
0 0.286719 0.816406 -0.048438 -0.042188
0 0.279687 0.785156 -0.034375 -0.023438
0 0.266406 0.756250 -0.026562 -0.015625
0 0.259375 0.726562 -0.040625 -0.037500
0 0.250000 0.689063 -0.043750 -0.040625
0 0.237500 0.658594 -0.025000 -0.023438
0 0.224219 0.617188 -0.039062 -0.050000
0 0.214062 0.579688 -0.040625 -0.028125
0 0.200781 0.551562 -0.039062 -0.031250
0 0.189844 0.521875 -0.035937 -0.031250
0 0.183594 0.492969 -0.039062 -0.026562
0 0.172656 0.468750 -0.035937 -0.028125
0 0.377344 0.982031 0.035937 0.026562
0 0.374219 0.956250 -0.039062 -0.031250
0 0.351562 0.891406 -0.040625 -0.032813
0 0.365625 0.925781 -0.040625 -0.032813
0 0.346094 0.857031 -0.035937 -0.039062
0 0.328906 0.826562 -0.039062 -0.025000
0 0.317188 0.802344 -0.031250 -0.026562
0 0.312500 0.776563 -0.037500 -0.031250
0 0.294531 0.720313 -0.035937 -0.037500
0 0.304688 0.750781 -0.034375 -0.023438
0 0.286719 0.686719 -0.039062 -0.035937
0 0.277344 0.653125 -0.045312 -0.034375
0 0.266406 0.614844 -0.039062 -0.045312
0 0.254688 0.579688 -0.040625 -0.031250
0 0.242188 0.546875 -0.043750 -0.034375
0 0.228125 0.517188 -0.046875 -0.028125
0 0.221875 0.493750 -0.040625 -0.025000
0 0.210938 0.464844 -0.040625 -0.035937
0 0.416406 0.984375 0.039062 0.025000
0 0.413281 0.958594 -0.035937 -0.029687
0 0.404687 0.925781 -0.043750 -0.039062
0 0.396875 0.889062 -0.043750 -0.037500
0 0.382031 0.858594 -0.032813 -0.026562
0 0.367188 0.830469 -0.031250 -0.026562
0 0.356250 0.804688 -0.050000 -0.031250
0 0.350000 0.775781 -0.037500 -0.029687
0 0.339062 0.747656 -0.053125 -0.032813
0 0.330469 0.717969 -0.039062 -0.026562
0 0.327344 0.689844 -0.032813 -0.035937
0 0.320312 0.654687 -0.034375 -0.034375
0 0.309375 0.621094 -0.043750 -0.035937
0 0.296094 0.589844 -0.042188 -0.032813
0 0.283594 0.536719 -0.045312 -0.029687
0 0.288281 0.564063 -0.039062 -0.021875
0 0.269531 0.506250 -0.045312 -0.031250
0 0.257812 0.478125 -0.043750 -0.028125
0 0.250781 0.451562 -0.042188 -0.028125
0 0.452344 0.983594 0.029687 0.029687
0 0.448437 0.955469 -0.028125 -0.032813
0 0.446094 0.925000 -0.032813 -0.037500
0 0.432031 0.891406 -0.035937 -0.035937
0 0.420312 0.861719 -0.046875 -0.029687
0 0.409375 0.830469 -0.050000 -0.035937
0 0.394531 0.792188 -0.051562 -0.046875
0 0.372656 0.725000 -0.032813 -0.028125
0 0.386719 0.753906 -0.042188 -0.032813
0 0.364063 0.694531 -0.040625 -0.035937
0 0.354687 0.663281 -0.031250 -0.029687
0 0.350000 0.637500 -0.034375 -0.031250
0 0.337500 0.606250 -0.040625 -0.034375
0 0.320312 0.540625 -0.034375 -0.031250
0 0.326562 0.572656 -0.034375 -0.035937
0 0.310156 0.506250 -0.042188 -0.037500
0 0.296875 0.476562 -0.037500 -0.028125
0 0.289844 0.448437 -0.035937 -0.031250
0 0.489063 0.982812 0.034375 0.028125
0 0.482031 0.955469 -0.035937 -0.029687
0 0.478125 0.923438 -0.037500 -0.037500
0 0.472656 0.889062 -0.039062 -0.037500
0 0.446875 0.823438 -0.034375 -0.031250
0 0.457031 0.856250 -0.039062 -0.034375
0 0.432812 0.784375 -0.037500 -0.050000
0 0.412500 0.735938 -0.037500 -0.050000
0 0.401562 0.696094 -0.040625 -0.032813
0 0.383594 0.662500 -0.045312 -0.037500
0 0.375781 0.625781 -0.039062 -0.039062
0 0.369531 0.592969 -0.039062 -0.026562
0 0.350000 0.533594 -0.037500 -0.035937
0 0.360938 0.567187 -0.037500 -0.031250
0 0.337500 0.498437 -0.040625 -0.037500
0 0.328125 0.466406 -0.040625 -0.029687
0 0.322656 0.437500 -0.032813 -0.028125
0 0.528906 0.982031 0.042188 0.029687
0 0.519531 0.952344 0.042188 0.026562
0 0.512500 0.924219 -0.034375 -0.032813
0 0.507031 0.892188 -0.029687 -0.034375
0 0.493750 0.858594 -0.037500 -0.032813
0 0.483594 0.829688 -0.042188 -0.028125
0 0.471875 0.797656 -0.037500 -0.042188
0 0.457813 0.758594 -0.034375 -0.039062
0 0.443750 0.717969 -0.043750 -0.048438
0 0.428906 0.672656 -0.045312 -0.048438
0 0.416406 0.631250 -0.039062 -0.037500
0 0.409375 0.595313 -0.037500 -0.037500
0 0.390625 0.531250 -0.043750 -0.034375
0 0.398438 0.562500 -0.040625 -0.025000
0 0.382812 0.503125 -0.037500 -0.025000
0 0.359375 0.440625 -0.037500 -0.034375
0 0.367969 0.476562 -0.045312 -0.034375
0 0.561719 0.981250 0.039062 0.034375
0 0.557031 0.950000 -0.035937 -0.031250
0 0.545312 0.920312 -0.037500 -0.028125
0 0.536719 0.890625 -0.032813 -0.034375
0 0.527344 0.860156 -0.042188 -0.029687
0 0.510156 0.798438 -0.035937 -0.028125
0 0.522656 0.829688 -0.032813 -0.034375
0 0.500000 0.767969 -0.043750 -0.039062
0 0.489063 0.734375 -0.034375 -0.031250
0 0.484375 0.704688 -0.034375 -0.031250
0 0.475000 0.670312 -0.043750 -0.034375
0 0.466406 0.641406 -0.035937 -0.029687
0 0.463281 0.618750 -0.039062 -0.025000
0 0.455469 0.592187 -0.039062 -0.028125
0 0.446875 0.566406 -0.037500 -0.029687
0 0.440625 0.542969 -0.034375 -0.020313
0 0.433594 0.522656 -0.042188 -0.023438
0 0.424219 0.496875 -0.045312 -0.031250
0 0.420312 0.471875 -0.050000 -0.021875
0 0.410938 0.453125 -0.043750 -0.018750
0 0.402344 0.433594 -0.045312 -0.023438
0 0.642969 0.954688 0.004687 0.009375
0 0.618750 0.984375 0.000000 0.000000
0 0.600781 0.980469 0.039062 0.032813
0 0.591406 0.946094 -0.042188 -0.035937
0 0.579688 0.914844 -0.050000 -0.029687
0 0.563281 0.855469 -0.032813 -0.029687
0 0.574219 0.886719 -0.042188 -0.026562
0 0.553125 0.826562 -0.037500 -0.031250
0 0.543750 0.794531 -0.037500 -0.032813
0 0.538281 0.764844 -0.042188 -0.029687
0 0.528125 0.732812 -0.034375 -0.031250
0 0.518750 0.700781 -0.037500 -0.026562
0 0.514062 0.673438 -0.037500 -0.025000
0 0.509375 0.643750 -0.037500 -0.037500
0 0.499219 0.612500 -0.039062 -0.034375
0 0.489844 0.580469 -0.051562 -0.032813
0 0.471094 0.527344 -0.039062 -0.035937
0 0.483594 0.554688 -0.035937 -0.021875
0 0.465625 0.494531 -0.037500 -0.029687
0 0.459375 0.465625 -0.043750 -0.034375
0 0.446875 0.439844 -0.034375 -0.029687
0 0.634375 0.946875 -0.046875 -0.034375
0 0.644531 0.981250 0.045312 0.034375
0 0.626563 0.914062 -0.040625 -0.031250
0 0.613281 0.888281 -0.029687 -0.023438
0 0.603125 0.863281 -0.040625 -0.026562
0 0.596875 0.836719 -0.046875 -0.026562
0 0.587500 0.808594 -0.046875 -0.032813
0 0.577344 0.776563 -0.045312 -0.031250
0 0.571875 0.746094 -0.043750 -0.032813
0 0.567187 0.717187 -0.043750 -0.028125
0 0.552344 0.665625 -0.039062 -0.031250
0 0.558594 0.692969 -0.039062 -0.023438
0 0.544531 0.635156 -0.035937 -0.029687
0 0.539062 0.607031 -0.037500 -0.026562
0 0.532031 0.581250 -0.045312 -0.031250
0 0.521875 0.553125 -0.053125 -0.031250
0 0.513281 0.525000 -0.042188 -0.028125
0 0.507031 0.498437 -0.042188 -0.028125
0 0.498437 0.467969 -0.034375 -0.032813
0 0.488281 0.436719 -0.045312 -0.032813
0 0.685937 0.984375 0.034375 0.028125
0 0.678906 0.950781 -0.039062 -0.045312
0 0.664062 0.914844 -0.040625 -0.029687
0 0.653906 0.889062 -0.054688 -0.025000
0 0.649219 0.863281 -0.051562 -0.029687
0 0.641406 0.835938 -0.045312 -0.031250
0 0.633594 0.809375 -0.042188 -0.028125
0 0.625000 0.782813 -0.043750 -0.028125
0 0.617969 0.757031 -0.045312 -0.029687
0 0.610938 0.724219 -0.046875 -0.035937
0 0.600000 0.691406 -0.046875 -0.032813
0 0.585938 0.637500 -0.046875 -0.028125
0 0.594531 0.664844 -0.042188 -0.023438
0 0.575000 0.608594 -0.043750 -0.026562
0 0.571875 0.584375 -0.031250 -0.021875
0 0.565625 0.557031 -0.034375 -0.032813
0 0.550000 0.524219 -0.031250 -0.032813
0 0.545312 0.500000 -0.034375 -0.021875
0 0.526563 0.439063 -0.037500 -0.031250
0 0.537500 0.474219 -0.043750 -0.032813
0 0.728906 0.991406 0.048438 0.014063
0 0.719531 0.972656 -0.042188 -0.023438
0 0.713281 0.945312 -0.032813 -0.031250
0 0.707031 0.919531 -0.042188 -0.026562
0 0.703906 0.892188 -0.045312 -0.034375
0 0.690625 0.860156 -0.034375 -0.032813
0 0.685156 0.834375 -0.042188 -0.028125
0 0.676562 0.807813 -0.040625 -0.025000
0 0.668750 0.782031 -0.043750 -0.029687
0 0.654687 0.732812 -0.040625 -0.025000
0 0.660937 0.757031 -0.037500 -0.020313
0 0.635938 0.671094 -0.037500 -0.035937
0 0.642969 0.705469 -0.039062 -0.032813
0 0.625000 0.637500 -0.037500 -0.031250
0 0.618750 0.609375 -0.043750 -0.028125
0 0.611719 0.585156 -0.048438 -0.023438
0 0.606250 0.559375 -0.043750 -0.031250
0 0.591406 0.529687 -0.048438 -0.031250
0 0.586719 0.499219 -0.045312 -0.032813
0 0.581250 0.471875 -0.046875 -0.025000
0 0.574219 0.442969 -0.048438 -0.035937
0 0.778125 0.992969 0.037500 0.007812
0 0.770312 0.970313 -0.043750 -0.028125
0 0.778125 0.984375 -0.028125 -0.006250
0 0.752344 0.918750 -0.039062 -0.031250
0 0.758594 0.946875 -0.035937 -0.021875
0 0.747656 0.892188 -0.029687 -0.018750
0 0.734375 0.861719 -0.040625 -0.023438
0 0.729688 0.839063 -0.040625 -0.025000
0 0.717969 0.812500 -0.039062 -0.034375
0 0.708594 0.781250 -0.039062 -0.031250
0 0.699219 0.751563 -0.042188 -0.031250
0 0.694531 0.727344 -0.042188 -0.023438
0 0.687500 0.703906 -0.046875 -0.026562
0 0.682813 0.674219 -0.050000 -0.039062
0 0.664844 0.638281 -0.042188 -0.032813
0 0.660156 0.609375 -0.035937 -0.028125
0 0.653125 0.583594 -0.037500 -0.026562
0 0.646875 0.557031 -0.040625 -0.029687
0 0.637500 0.528125 -0.034375 -0.031250
0 0.628906 0.499219 -0.039062 -0.029687
0 0.625000 0.472656 -0.043750 -0.026562
0 0.616406 0.442188 -0.042188 -0.034375
0 0.820312 0.989844 0.043750 0.017188
0 0.814063 0.970313 -0.046875 -0.028125
0 0.803125 0.946094 -0.053125 -0.023438
0 0.797656 0.925000 -0.045312 -0.018750
0 0.794531 0.909375 -0.045312 -0.015625
0 0.787500 0.891406 -0.046875 -0.020313
0 0.782031 0.869531 -0.042188 -0.023438
0 0.775781 0.846094 -0.045312 -0.029687
0 0.761719 0.823438 -0.035937 -0.021875
0 0.751563 0.792188 -0.043750 -0.043750
0 0.750000 0.757031 -0.037500 -0.029687
0 0.745313 0.730469 -0.034375 -0.023438
0 0.737500 0.703125 -0.037500 -0.031250
0 0.724219 0.669531 -0.035937 -0.039062
0 0.713281 0.639844 -0.042188 -0.023438
0 0.706250 0.617188 -0.050000 -0.028125
0 0.694531 0.570312 -0.039062 -0.018750
0 0.685937 0.545312 -0.040625 -0.034375
0 0.678906 0.515625 -0.032813 -0.028125
0 0.671875 0.489844 -0.037500 -0.026562
0 0.665625 0.465625 -0.037500 -0.025000
0 0.652344 0.439844 -0.042188 -0.029687
0 0.864062 0.989062 0.043750 0.018750
0 0.859375 0.971094 -0.040625 -0.023438
0 0.853906 0.948438 -0.042188 -0.025000
0 0.840625 0.924219 -0.037500 -0.026562
0 0.831250 0.892188 -0.037500 -0.037500
0 0.821094 0.858594 -0.045312 -0.032813
0 0.805469 0.826562 -0.045312 -0.034375
0 0.796875 0.794531 -0.043750 -0.032813
0 0.789062 0.762500 -0.040625 -0.031250
0 0.781250 0.730469 -0.043750 -0.035937
0 0.773438 0.701562 -0.031250 -0.028125
0 0.766406 0.670312 -0.039062 -0.031250
0 0.753125 0.643750 -0.040625 -0.021875
0 0.748437 0.618750 -0.037500 -0.031250
0 0.740625 0.588281 -0.037500 -0.029687
0 0.735156 0.564063 -0.045312 -0.025000
0 0.728125 0.539062 -0.040625 -0.028125
0 0.718750 0.515625 -0.043750 -0.021875
0 0.714844 0.492969 -0.048438 -0.026562
0 0.705469 0.471094 -0.042188 -0.020313
0 0.699219 0.444531 -0.048438 -0.035937
0 0.905469 0.986719 0.042188 0.020313
0 0.899219 0.965625 -0.042188 -0.025000
0 0.893750 0.941406 -0.040625 -0.026562
0 0.884375 0.918750 -0.034375 -0.021875
0 0.875781 0.897656 -0.039062 -0.023438
0 0.868750 0.876563 -0.034375 -0.021875
0 0.862500 0.851562 -0.043750 -0.031250
0 0.852344 0.820312 -0.042188 -0.034375
0 0.840625 0.789062 -0.028125 -0.028125
0 0.832031 0.760938 -0.035937 -0.034375
0 0.819531 0.710938 -0.042188 -0.028125
0 0.825781 0.736719 -0.032813 -0.020313
0 0.810937 0.687500 -0.040625 -0.021875
0 0.808594 0.664062 -0.039062 -0.025000
0 0.796875 0.638281 -0.040625 -0.029687
0 0.785937 0.612500 -0.037500 -0.025000
0 0.782813 0.587500 -0.040625 -0.031250
0 0.778906 0.563281 -0.035937 -0.023438
0 0.770312 0.542188 -0.040625 -0.025000
0 0.764844 0.517188 -0.042188 -0.031250
0 0.756250 0.491406 -0.040625 -0.026562
0 0.746875 0.466406 -0.043750 -0.026562
0 0.741406 0.441406 -0.042188 -0.029687
0 0.946094 0.985938 0.039062 0.021875
0 0.942187 0.963281 -0.040625 -0.020313
0 0.932813 0.941406 -0.037500 -0.023438
0 0.920312 0.918750 -0.040625 -0.025000
0 0.909375 0.892969 -0.034375 -0.032813
0 0.911719 0.861719 -0.032813 -0.029687
0 0.900000 0.834375 -0.046875 -0.028125
0 0.889844 0.810156 -0.035937 -0.020313
0 0.879687 0.787500 -0.040625 -0.025000
0 0.867969 0.764062 -0.035937 -0.025000
0 0.863281 0.738281 -0.035937 -0.029687
0 0.858594 0.709375 -0.032813 -0.031250
0 0.851562 0.682031 -0.037500 -0.029687
0 0.839844 0.650781 -0.039062 -0.032813
0 0.827344 0.618750 -0.042188 -0.031250
0 0.825000 0.592187 -0.037500 -0.025000
0 0.809375 0.542969 -0.034375 -0.026562
0 0.817187 0.568750 -0.037500 -0.021875
0 0.800000 0.515625 -0.031250 -0.021875
0 0.794531 0.492188 -0.029687 -0.025000
0 0.782031 0.439844 -0.029687 -0.026562
0 0.789844 0.467187 -0.035937 -0.028125
0 0.970313 0.947656 -0.031250 -0.026562
0 0.981250 0.978125 0.028125 0.031250
0 0.992969 0.934375 0.007812 0.040625
0 0.964063 0.920312 -0.037500 -0.028125
0 0.953906 0.892969 -0.048438 -0.032813
0 0.949219 0.863281 -0.039062 -0.023438
0 0.935156 0.810937 -0.048438 -0.021875
0 0.945312 0.839063 -0.037500 -0.031250
0 0.918750 0.789844 -0.040625 -0.020313
0 0.907031 0.741406 -0.051562 -0.029687
0 0.910937 0.768750 -0.043750 -0.025000
0 0.899219 0.713281 -0.042188 -0.023438
0 0.891406 0.689063 -0.039062 -0.031250
0 0.885156 0.662500 -0.048438 -0.028125
0 0.878906 0.642188 -0.035937 -0.015625
0 0.871094 0.621094 -0.045312 -0.032813
0 0.863281 0.592187 -0.039062 -0.028125
0 0.855469 0.567969 -0.042188 -0.029687
0 0.847656 0.542969 -0.039062 -0.020313
0 0.837500 0.522656 -0.040625 -0.023438
0 0.834375 0.502344 -0.037500 -0.023438
0 0.828906 0.482031 -0.035937 -0.023438
0 0.825000 0.462500 -0.034375 -0.021875
0 0.817969 0.439844 -0.039062 -0.026562
0 0.989062 0.897656 0.015625 0.020313
0 0.987500 0.876563 0.018750 0.012500
0 0.982812 0.857812 0.025000 0.021875
0 0.982031 0.832031 0.029687 0.020313
0 0.978906 0.807813 0.035937 0.021875
0 0.957812 0.785156 -0.037500 -0.023438
0 0.955469 0.759375 -0.035937 -0.028125
0 0.942969 0.712500 -0.039062 -0.025000
0 0.952344 0.735938 -0.032813 -0.018750
0 0.932813 0.685156 -0.037500 -0.026562
0 0.927344 0.660937 -0.023438 -0.021875
0 0.915625 0.632031 -0.034375 -0.023438
0 0.902344 0.585156 -0.039062 -0.029687
0 0.895312 0.558594 -0.034375 -0.023438
0 0.885156 0.536719 -0.032813 -0.020313
0 0.879687 0.514844 -0.037500 -0.023438
0 0.871875 0.489844 -0.031250 -0.023438
0 0.864062 0.466406 -0.037500 -0.026562
0 0.860156 0.441406 -0.032813 -0.020313
0 0.988281 0.780469 0.017188 0.023438
0 0.987500 0.750781 0.018750 0.026562
0 0.984375 0.723437 0.025000 0.018750
0 0.975781 0.698438 -0.032813 -0.028125
0 0.968750 0.674219 -0.037500 -0.023438
0 0.963281 0.650000 -0.039062 -0.025000
0 0.955469 0.623437 -0.039062 -0.028125
0 0.913281 0.610938 -0.035937 -0.015625
0 0.946094 0.600781 -0.032813 -0.017188
0 0.941406 0.578906 -0.039062 -0.026562
0 0.939063 0.557813 -0.040625 -0.021875
0 0.929688 0.537500 -0.046875 -0.021875
0 0.923438 0.515625 -0.046875 -0.021875
0 0.918750 0.493750 -0.043750 -0.021875
0 0.912500 0.474219 -0.040625 -0.017188
0 0.907031 0.455469 -0.039062 -0.020313
0 0.900000 0.437500 -0.034375 -0.012500
0 0.990625 0.651563 0.012500 0.034375
0 0.985156 0.615625 0.023438 0.028125
0 0.980469 0.584375 0.032813 0.025000
0 0.977344 0.559375 -0.026562 -0.021875
0 0.970313 0.536719 -0.031250 -0.020313
0 0.967187 0.517188 -0.031250 -0.021875
0 0.958594 0.492188 0.039062 0.021875
0 0.954688 0.469531 -0.034375 -0.017188
0 0.946875 0.454688 -0.031250 -0.012500
0 0.935937 0.436719 -0.031250 -0.017188
0 0.994531 0.551562 0.004687 0.028125
0 0.992188 0.517969 0.012500 0.026562
0 0.989062 0.489063 0.018750 0.021875
0 0.985156 0.463281 0.023438 0.017188
0 0.965625 0.437500 0.028125 0.025000
0 0.990625 0.436719 0.012500 0.023438
0 0.123438 0.414844 -0.021875 -0.020313
0 0.128125 0.439063 0.025000 0.021875
0 0.110937 0.389062 -0.025000 -0.028125
0 0.106250 0.365625 -0.018750 -0.015625
0 0.100781 0.346094 -0.020313 -0.017188
0 0.095312 0.325000 -0.025000 -0.018750
0 0.085938 0.296094 -0.028125 -0.017188
0 0.071875 0.253125 -0.028125 -0.021875
0 0.067187 0.229687 -0.028125 -0.025000
0 0.060156 0.207031 -0.032813 -0.026562
0 0.044531 0.160938 -0.032813 -0.021875
0 0.050000 0.183594 -0.025000 -0.020313
0 0.028125 0.141406 -0.037500 -0.014063
0 0.021094 0.121094 -0.035937 -0.026562
0 0.017969 0.095312 -0.026562 -0.021875
0 0.012500 0.070312 -0.018750 -0.018750
0 0.007812 0.050000 -0.009375 -0.021875
0 0.167969 0.442188 0.029687 0.018750
0 0.160156 0.419531 -0.035937 -0.023438
0 0.154688 0.401562 -0.031250 -0.015625
0 0.148438 0.384375 -0.031250 -0.021875
0 0.146094 0.364063 -0.035937 -0.021875
0 0.138281 0.343750 -0.035937 -0.021875
0 0.130469 0.321094 -0.035937 -0.020313
0 0.123438 0.300000 -0.031250 -0.025000
0 0.110156 0.259375 -0.032813 -0.021875
0 0.117188 0.279687 -0.028125 -0.015625
0 0.107031 0.235937 -0.035937 -0.021875
0 0.089063 0.198437 -0.025000 -0.018750
0 0.083594 0.175781 -0.029687 -0.023438
0 0.074219 0.151562 -0.026562 -0.021875
0 0.064844 0.128125 -0.035937 -0.025000
0 0.057031 0.103125 -0.039062 -0.025000
0 0.049219 0.079687 -0.035937 -0.021875
0 0.039844 0.057031 -0.035937 -0.026562
0 0.033594 0.030469 -0.039062 -0.026562
0 0.021875 0.009375 -0.037500 -0.015625
0 0.201563 0.433594 0.031250 0.023438
0 0.196094 0.408594 -0.035937 -0.026562
0 0.187500 0.380469 -0.043750 -0.023438
0 0.180469 0.356250 -0.042188 -0.025000
0 0.173437 0.330469 -0.034375 -0.023438
0 0.164062 0.304688 -0.037500 -0.028125
0 0.153906 0.276562 -0.042188 -0.025000
0 0.146875 0.251563 -0.028125 -0.028125
0 0.141406 0.225781 -0.032813 -0.023438
0 0.099219 0.219531 -0.029687 -0.014063
0 0.128906 0.203906 -0.039062 -0.020313
0 0.124219 0.182812 -0.039062 -0.025000
0 0.116406 0.158594 -0.039062 -0.026562
0 0.105469 0.136719 -0.035937 -0.023438
0 0.098437 0.111719 -0.031250 -0.026562
0 0.090625 0.084375 -0.034375 -0.028125
0 0.084375 0.061719 -0.028125 -0.020313
0 0.076563 0.039844 -0.031250 -0.020313
0 0.062500 0.009375 -0.037500 -0.015625
0 0.235937 0.421094 -0.031250 -0.029687
0 0.232031 0.392188 -0.029687 -0.028125
0 0.221875 0.366406 -0.031250 -0.023438
0 0.217969 0.344531 -0.035937 -0.020313
0 0.208594 0.321875 -0.032813 -0.025000
0 0.202344 0.300000 -0.039062 -0.021875
0 0.196875 0.279687 -0.028125 -0.018750
0 0.186719 0.262500 -0.029687 -0.015625
0 0.180469 0.243750 -0.026562 -0.018750
0 0.173437 0.221094 -0.034375 -0.029687
0 0.169531 0.189062 -0.029687 -0.034375
0 0.167969 0.164062 -0.017188 -0.018750
0 0.152344 0.141406 -0.032813 -0.023438
0 0.143750 0.117188 -0.034375 -0.021875
0 0.140625 0.096875 -0.031250 -0.021875
0 0.130469 0.076563 -0.026562 -0.021875
0 0.123438 0.057813 -0.028125 -0.021875
0 0.114844 0.037500 -0.029687 -0.021875
0 0.106250 0.014844 -0.031250 -0.026562
0 0.273438 0.423438 -0.031250 -0.015625
0 0.270313 0.408594 -0.025000 -0.010937
0 0.263281 0.391406 -0.023438 -0.020313
0 0.259375 0.371094 -0.028125 -0.026562
0 0.253125 0.346875 -0.028125 -0.021875
0 0.246875 0.322656 -0.031250 -0.026562
0 0.239063 0.298438 -0.031250 -0.025000
0 0.230469 0.276562 -0.032813 -0.021875
0 0.221094 0.253906 -0.042188 -0.023438
0 0.215625 0.229687 -0.037500 -0.028125
0 0.211719 0.189844 -0.026562 -0.020313
0 0.213281 0.209375 -0.026562 -0.012500
0 0.186719 0.142969 -0.026562 -0.026562
0 0.196875 0.167969 -0.025000 -0.017188
0 0.167969 0.084375 -0.026562 -0.025000
0 0.175000 0.113281 -0.025000 -0.026562
0 0.155469 0.057813 -0.032813 -0.025000
0 0.149219 0.032813 -0.029687 -0.018750
0 0.143750 0.013281 -0.028125 -0.017188
0 0.301563 0.384375 -0.034375 -0.028125
0 0.309375 0.411719 -0.028125 -0.017188
0 0.292187 0.357812 -0.037500 -0.021875
0 0.290625 0.335156 -0.037500 -0.020313
0 0.285938 0.314844 -0.031250 -0.017188
0 0.270313 0.275781 -0.034375 -0.014063
0 0.278906 0.294531 -0.029687 -0.014063
0 0.264844 0.259375 -0.023438 -0.018750
0 0.255469 0.235937 -0.026562 -0.018750
0 0.247656 0.216406 -0.023438 -0.020313
0 0.242969 0.192188 -0.032813 -0.028125
0 0.232031 0.146094 -0.026562 -0.023438
0 0.218750 0.119531 -0.028125 -0.023438
0 0.203125 0.093750 -0.031250 -0.018750
0 0.200781 0.073438 -0.035937 -0.018750
0 0.196094 0.051562 -0.039062 -0.012500
0 0.187500 0.036719 -0.034375 -0.014063
0 0.181250 0.017188 -0.031250 -0.025000
0 0.346875 0.403906 0.037500 0.023438
0 0.343750 0.377344 -0.046875 -0.029687
0 0.333594 0.343750 -0.035937 -0.025000
0 0.314063 0.289844 -0.040625 -0.026562
0 0.307812 0.259375 -0.043750 -0.031250
0 0.325000 0.318750 -0.028125 -0.018750
0 0.330469 0.327344 -0.023438 -0.004687
0 0.282813 0.198437 -0.040625 -0.025000
0 0.275781 0.167187 -0.032813 -0.028125
0 0.238281 0.164844 -0.029687 -0.010937
0 0.258594 0.136719 -0.032813 -0.026562
0 0.252344 0.111719 -0.032813 -0.020313
0 0.245312 0.086719 -0.031250 -0.029687
0 0.292969 0.229687 -0.039062 -0.025000
0 0.239063 0.057813 -0.031250 -0.025000
0 0.220312 0.010937 -0.031250 -0.015625
0 0.395313 0.403125 0.025000 0.028125
0 0.385937 0.374219 -0.034375 -0.026562
0 0.376563 0.342187 -0.028125 -0.031250
0 0.369531 0.315625 -0.020313 -0.018750
0 0.374219 0.321875 -0.007812 -0.006250
0 0.352344 0.263281 -0.026562 -0.020313
0 0.354687 0.291406 -0.031250 -0.023438
0 0.339844 0.234375 -0.039062 -0.031250
0 0.328906 0.201563 -0.039062 -0.028125
0 0.307031 0.142187 -0.045312 -0.028125
0 0.313281 0.171875 -0.035937 -0.021875
0 0.292969 0.110937 -0.035937 -0.021875
0 0.281250 0.083594 -0.031250 -0.020313
0 0.278906 0.061719 -0.029687 -0.020313
0 0.267969 0.031250 -0.029687 -0.028125
0 0.260937 0.010156 -0.021875 -0.014063
0 0.229687 0.033594 -0.034375 -0.020313
0 0.432031 0.404687 0.045312 0.031250
0 0.425000 0.377344 -0.040625 -0.026562
0 0.404687 0.319531 -0.034375 -0.029687
0 0.392969 0.287500 -0.023438 -0.015625
0 0.414844 0.351562 -0.035937 -0.025000
0 0.384375 0.242969 -0.037500 -0.023438
0 0.388281 0.267969 -0.029687 -0.017188
0 0.367969 0.194531 -0.023438 -0.017188
0 0.378125 0.220312 -0.028125 -0.018750
0 0.364063 0.173437 -0.015625 -0.018750
0 0.343750 0.126562 -0.025000 -0.021875
0 0.350781 0.152344 -0.023438 -0.014063
0 0.333594 0.101562 -0.032813 -0.021875
0 0.324219 0.078125 -0.032813 -0.021875
0 0.303125 0.025781 -0.037500 -0.023438
0 0.314063 0.053125 -0.034375 -0.025000
0 0.475000 0.403906 0.025000 0.026562
0 0.468750 0.375000 -0.031250 -0.025000
0 0.457813 0.349219 -0.037500 -0.023438
0 0.468750 0.359375 -0.009375 -0.003125
0 0.434375 0.285156 -0.031250 -0.029687
0 0.445312 0.320312 -0.034375 -0.031250
0 0.419531 0.221875 -0.026562 -0.021875
0 0.406250 0.188281 -0.031250 -0.026562
0 0.427344 0.252344 -0.032813 -0.023438
0 0.391406 0.159375 -0.029687 -0.018750
0 0.379688 0.131250 -0.034375 -0.028125
0 0.363281 0.075781 -0.032813 -0.020313
0 0.360156 0.050000 -0.039062 -0.028125
0 0.375000 0.104688 -0.034375 -0.021875
0 0.348438 0.019531 -0.037500 -0.032813
0 0.502344 0.380469 -0.029687 -0.023438
0 0.507812 0.407813 -0.025000 -0.021875
0 0.500781 0.349219 -0.023438 -0.023438
0 0.483594 0.320312 -0.039062 -0.028125
0 0.476562 0.288281 -0.037500 -0.029687
0 0.468750 0.260937 -0.031250 -0.021875
0 0.457813 0.229687 -0.025000 -0.021875
0 0.441406 0.196875 -0.032813 -0.034375
0 0.432812 0.164062 -0.040625 -0.028125
0 0.421875 0.128125 -0.037500 -0.034375
0 0.409375 0.098437 -0.028125 -0.025000
0 0.403906 0.071094 -0.035937 -0.023438
0 0.398438 0.044531 -0.028125 -0.017188
0 0.388281 0.018750 -0.026562 -0.028125
0 0.550000 0.407813 -0.037500 -0.025000
0 0.546094 0.378906 -0.039062 -0.026562
0 0.535156 0.350000 -0.032813 -0.025000
0 0.524219 0.320312 -0.026562 -0.028125
0 0.518750 0.292187 -0.025000 -0.028125
0 0.505469 0.257812 -0.039062 -0.025000
0 0.496875 0.231250 -0.034375 -0.018750
0 0.485156 0.204687 -0.029687 -0.025000
0 0.482812 0.177344 -0.040625 -0.026562
0 0.474219 0.151562 -0.029687 -0.021875
0 0.465625 0.125781 -0.025000 -0.020313
0 0.447656 0.100000 -0.029687 -0.028125
0 0.435156 0.049219 -0.032813 -0.023438
0 0.432031 0.028125 -0.029687 -0.015625
0 0.426563 0.010156 -0.031250 -0.010937
0 0.598437 0.410156 0.037500 0.020313
0 0.592969 0.379688 0.035937 0.025000
0 0.582031 0.353906 -0.039062 -0.023438
0 0.572656 0.328906 -0.039062 -0.020313
0 0.564063 0.305469 -0.037500 -0.026562
0 0.557813 0.267969 -0.037500 -0.023438
0 0.546875 0.244531 -0.031250 -0.020313
0 0.534375 0.214844 -0.034375 -0.029687
0 0.532031 0.193750 -0.020313 -0.018750
0 0.519531 0.164844 -0.035937 -0.026562
0 0.512500 0.139844 -0.037500 -0.023438
0 0.502344 0.117969 -0.042188 -0.020313
0 0.496875 0.095312 -0.043750 -0.021875
0 0.485938 0.071094 -0.034375 -0.017188
0 0.477344 0.050781 -0.042188 -0.023438
0 0.468750 0.016406 -0.040625 -0.029687
0 0.646094 0.415625 0.032813 0.012500
0 0.632031 0.392188 -0.035937 -0.021875
0 0.627344 0.367188 -0.029687 -0.025000
0 0.621094 0.342187 -0.035937 -0.018750
0 0.615625 0.320312 -0.040625 -0.021875
0 0.605469 0.294531 -0.032813 -0.020313
0 0.600781 0.271094 -0.023438 -0.020313
0 0.589844 0.246094 -0.035937 -0.026562
0 0.575781 0.217188 -0.039062 -0.028125
0 0.567187 0.189062 -0.031250 -0.021875
0 0.557813 0.160938 -0.031250 -0.025000
0 0.546094 0.125000 -0.023438 -0.018750
0 0.533594 0.096875 -0.026562 -0.025000
0 0.525000 0.067187 -0.025000 -0.025000
0 0.514062 0.038281 -0.028125 -0.026562
0 0.507812 0.011719 -0.021875 -0.020313
0 0.680469 0.400781 0.035937 0.026562
0 0.667969 0.367188 0.035937 0.031250
0 0.657813 0.334375 0.031250 0.028125
0 0.646875 0.302344 0.034375 0.023438
0 0.640625 0.277344 -0.040625 -0.029687
0 0.632031 0.244531 -0.035937 -0.026562
0 0.603906 0.185938 -0.039062 -0.028125
0 0.600781 0.153125 -0.032813 -0.028125
0 0.617188 0.215625 -0.034375 -0.021875
0 0.582031 0.114844 -0.039062 -0.029687
0 0.572656 0.083594 -0.039062 -0.029687
0 0.554688 0.050781 -0.046875 -0.026562
0 0.558594 0.019531 -0.045312 -0.029687
0 0.722656 0.405469 0.032813 0.032813
0 0.696094 0.329688 -0.042188 -0.034375
0 0.710156 0.371875 -0.035937 -0.031250
0 0.689844 0.296094 -0.039062 -0.029687
0 0.682031 0.266406 -0.039062 -0.026562
0 0.667188 0.237500 -0.034375 -0.028125
0 0.656250 0.211719 -0.034375 -0.017188
0 0.648438 0.187500 -0.037500 -0.028125
0 0.642188 0.160156 -0.040625 -0.029687
0 0.621875 0.102344 -0.040625 -0.026562
0 0.603906 0.056250 -0.023438 -0.025000
0 0.592187 0.012500 -0.018750 -0.021875
0 0.755469 0.378906 -0.035937 -0.026562
0 0.760938 0.409375 -0.034375 -0.028125
0 0.739844 0.327344 -0.039062 -0.029687
0 0.750000 0.354687 -0.028125 -0.018750
0 0.722656 0.267188 -0.035937 -0.025000
0 0.728125 0.296875 -0.031250 -0.028125
0 0.712500 0.237500 -0.037500 -0.031250
0 0.700781 0.209375 -0.026562 -0.021875
0 0.692969 0.185156 -0.029687 -0.026562
0 0.686719 0.159375 -0.032813 -0.021875
0 0.675781 0.134375 -0.029687 -0.031250
0 0.632031 0.128906 -0.045312 -0.020313
0 0.664844 0.100000 -0.032813 -0.025000
0 0.650781 0.074219 -0.029687 -0.026562
0 0.640625 0.051562 -0.037500 -0.018750
0 0.639844 0.032031 -0.032813 -0.020313
0 0.632812 0.013281 -0.034375 -0.017188
0 0.803906 0.412500 0.026562 0.021875
0 0.789062 0.379688 0.028125 0.031250
0 0.780469 0.350781 -0.029687 -0.020313
0 0.778125 0.325781 -0.031250 -0.023438
0 0.778125 0.303125 -0.037500 -0.021875
0 0.767188 0.278125 -0.046875 -0.021875
0 0.753906 0.253906 -0.042188 -0.023438
0 0.753906 0.229687 -0.048438 -0.028125
0 0.741406 0.203906 -0.029687 -0.020313
0 0.733594 0.184375 -0.032813 -0.025000
0 0.725000 0.158594 -0.031250 -0.026562
0 0.714063 0.131250 -0.037500 -0.028125
0 0.710938 0.107813 -0.034375 -0.028125
0 0.700000 0.082812 -0.037500 -0.021875
0 0.689844 0.063281 -0.039062 -0.020313
0 0.687500 0.042969 -0.028125 -0.017188
0 0.676562 0.023438 -0.031250 -0.018750
0 0.672656 0.007031 -0.020313 -0.010937
0 0.827344 0.410938 -0.017188 -0.021875
0 0.814844 0.383594 -0.017188 -0.029687
0 0.810156 0.350000 -0.017188 -0.025000
0 0.803906 0.321875 -0.014063 -0.021875
0 0.854688 0.414844 -0.031250 -0.026562
0 0.844531 0.387500 -0.032813 -0.025000
0 0.837500 0.366406 -0.021875 -0.014063
0 0.833594 0.345313 -0.023438 -0.021875
0 0.825000 0.322656 -0.021875 -0.026562
0 0.814063 0.297656 -0.028125 -0.017188
0 0.810937 0.275000 -0.031250 -0.025000
0 0.798438 0.246094 -0.028125 -0.032813
0 0.787500 0.212500 -0.034375 -0.031250
0 0.777344 0.180469 -0.042188 -0.029687
0 0.768750 0.150781 -0.037500 -0.029687
0 0.758594 0.124219 -0.039062 -0.026562
0 0.750781 0.092188 -0.045312 -0.031250
0 0.739062 0.062500 -0.043750 -0.025000
0 0.731250 0.039844 -0.037500 -0.020313
0 0.721094 0.018750 -0.035937 -0.021875
0 0.721094 0.003906 -0.026562 -0.007812
0 0.893750 0.420312 -0.034375 -0.015625
0 0.885156 0.403125 -0.029687 -0.018750
0 0.878125 0.383594 -0.031250 -0.023438
0 0.869531 0.357812 -0.032813 -0.021875
0 0.867969 0.335938 -0.032813 -0.012500
0 0.870313 0.321875 -0.015625 -0.009375
0 0.856250 0.302344 -0.043750 -0.023438
0 0.850000 0.272656 -0.034375 -0.020313
0 0.828906 0.218750 -0.032813 -0.025000
0 0.837500 0.246094 -0.031250 -0.023438
0 0.819531 0.189062 -0.029687 -0.025000
0 0.811719 0.160156 -0.029687 -0.026562
0 0.800000 0.129688 -0.034375 -0.028125
0 0.785156 0.075781 -0.029687 -0.026562
0 0.796875 0.105469 -0.018750 -0.017188
0 0.772656 0.047656 -0.035937 -0.026562
0 0.763281 0.017188 -0.039062 -0.031250
0 0.925000 0.415625 -0.034375 -0.021875
0 0.914844 0.389844 -0.032813 -0.023438
0 0.908594 0.362500 -0.032813 -0.025000
0 0.903906 0.336719 -0.029687 -0.020313
0 0.892188 0.312500 -0.025000 -0.021875
0 0.883594 0.287500 -0.035937 -0.021875
0 0.880469 0.264844 -0.026562 -0.020313
0 0.875781 0.239844 -0.029687 -0.020313
0 0.859375 0.192188 -0.040625 -0.028125
0 0.870313 0.217188 -0.025000 -0.015625
0 0.850000 0.160156 -0.043750 -0.029687
0 0.827344 0.101562 -0.026562 -0.018750
0 0.822656 0.077344 -0.032813 -0.023438
0 0.838281 0.130469 -0.029687 -0.026562
0 0.812500 0.040625 -0.031250 -0.021875
0 0.801562 0.014844 -0.028125 -0.026562
0 0.958594 0.411719 -0.039062 -0.020313
0 0.950781 0.383594 -0.035937 -0.023438
0 0.946875 0.362500 -0.034375 -0.015625
0 0.940625 0.335156 -0.028125 -0.032813
0 0.926562 0.305469 -0.040625 -0.023438
0 0.923438 0.280469 -0.037500 -0.023438
0 0.911719 0.250000 -0.039062 -0.031250
0 0.905469 0.221094 -0.029687 -0.026562
0 0.897656 0.193750 -0.029687 -0.028125
0 0.888281 0.160156 -0.023438 -0.029687
0 0.869531 0.125781 -0.032813 -0.026562
0 0.861719 0.095312 -0.032813 -0.025000
0 0.856250 0.067969 -0.031250 -0.026562
0 0.845313 0.044531 -0.025000 -0.017188
0 0.838281 0.024219 -0.029687 -0.014063
0 0.833594 0.008594 -0.029687 -0.014063
0 0.872656 0.007031 0.032813 0.010937
0 0.887500 0.058594 0.040625 0.026562
0 0.881250 0.029687 0.040625 0.025000
0 0.899219 0.088281 0.039062 0.029687
0 0.910937 0.119531 0.040625 0.029687
0 0.919531 0.156250 0.042188 0.034375
0 0.932813 0.191406 0.046875 0.032813
0 0.945312 0.221094 0.046875 0.029687
0 0.959375 0.253906 0.043750 0.029687
0 0.967187 0.282031 0.053125 0.023438
0 0.975000 0.306250 0.043750 0.018750
0 0.978125 0.327344 0.034375 0.017188
0 0.981250 0.346094 0.031250 0.023438
0 0.982812 0.371875 0.028125 0.018750
0 0.984375 0.396094 0.021875 0.014063
0 0.917969 0.012500 0.042188 0.021875
0 0.936719 0.064062 0.039062 0.018750
0 0.923438 0.035937 0.040625 0.025000
0 0.942187 0.089063 0.040625 0.025000
0 0.952344 0.117188 0.039062 0.025000
0 0.960156 0.148438 0.042188 0.028125
0 0.973437 0.178906 0.046875 0.020313
0 0.978906 0.200781 0.035937 0.017188
0 0.983594 0.222656 0.026562 0.020313
0 0.963281 0.012500 0.035937 0.018750
0 0.967969 0.035937 0.039062 0.018750
0 0.975781 0.059375 0.032813 0.018750
0 0.982812 0.081250 0.031250 0.018750
0 0.986719 0.104688 0.023438 0.018750
0 0.991406 0.150000 0.014063 0.021875
0 0.989062 0.126562 0.015625 0.015625
