0 0.557031 0.017188 0.039062 0.031250
0 0.567969 0.039844 0.023438 0.020313
0 0.510156 0.017188 0.048438 0.031250
0 0.528906 0.046875 0.057813 0.028125
0 0.536719 0.077344 0.032813 0.026562
0 0.458594 0.013281 0.048438 0.023438
0 0.472656 0.039844 0.048438 0.026562
0 0.492188 0.071875 0.053125 0.031250
0 0.488281 0.100781 0.026562 0.023438
0 0.513281 0.122656 0.035937 0.029687
0 0.521094 0.151562 0.026562 0.025000
0 0.409375 0.014844 0.046875 0.023438
0 0.428906 0.041406 0.045312 0.023438
0 0.442188 0.068750 0.043750 0.028125
0 0.456250 0.097656 0.037500 0.026562
0 0.469531 0.129688 0.039062 0.031250
0 0.478125 0.147656 0.034375 0.023438
0 0.371875 0.014844 0.037500 0.023438
0 0.385937 0.042188 0.037500 0.025000
0 0.396094 0.067187 0.042188 0.021875
0 0.414062 0.092969 0.046875 0.026562
0 0.428906 0.123438 0.045312 0.031250
0 0.441406 0.154688 0.042188 0.031250
0 0.461719 0.182812 0.045312 0.021875
0 0.467969 0.213281 0.039062 0.039062
0 0.335156 0.013281 0.039062 0.026562
0 0.346094 0.041406 0.039062 0.026562
0 0.358594 0.068750 0.032813 0.025000
0 0.371094 0.096875 0.035937 0.025000
0 0.389844 0.126562 0.042188 0.025000
0 0.400000 0.157031 0.043750 0.026562
0 0.411719 0.189062 0.045312 0.034375
0 0.426563 0.225000 0.043750 0.028125
0 0.439844 0.256250 0.032813 0.028125
0 0.295312 0.014844 0.034375 0.023438
0 0.307031 0.042188 0.032813 0.031250
0 0.321094 0.074219 0.039062 0.029687
0 0.333594 0.101562 0.039062 0.031250
0 0.344531 0.132812 0.048438 0.028125
0 0.357031 0.164062 0.042188 0.031250
0 0.370312 0.195312 0.040625 0.021875
0 0.379688 0.221875 0.046875 0.031250
0 0.393750 0.257031 0.043750 0.035937
0 0.254688 0.014844 0.050000 0.026562
0 0.265625 0.046094 0.043750 0.029687
0 0.281250 0.078906 0.043750 0.029687
0 0.292969 0.107031 0.039062 0.026562
0 0.304688 0.135937 0.031250 0.025000
0 0.316406 0.162500 0.035937 0.028125
0 0.329688 0.194531 0.040625 0.026562
0 0.339062 0.222656 0.028125 0.023438
0 0.350781 0.247656 0.032813 0.026562
0 0.359375 0.269531 0.025000 0.020313
0 0.374219 0.289844 0.023438 0.020313
0 0.205469 0.017969 0.045312 0.029687
0 0.223438 0.050781 0.040625 0.026562
0 0.233594 0.079687 0.042188 0.028125
0 0.246875 0.107031 0.050000 0.020313
0 0.260156 0.135156 0.054688 0.026562
0 0.275000 0.166406 0.050000 0.026562
0 0.288281 0.195312 0.042188 0.031250
0 0.303906 0.222656 0.048438 0.026562
0 0.316406 0.248438 0.039062 0.025000
0 0.324219 0.273438 0.039062 0.021875
0 0.335938 0.297656 0.021875 0.026562
0 0.155469 0.013281 0.039062 0.020313
0 0.170313 0.039062 0.040625 0.025000
0 0.189062 0.068750 0.046875 0.028125
0 0.200000 0.101562 0.040625 0.031250
0 0.217969 0.130469 0.032813 0.023438
0 0.231250 0.163281 0.046875 0.035937
0 0.240625 0.199219 0.050000 0.032813
0 0.259375 0.232813 0.050000 0.028125
0 0.269531 0.262500 0.054688 0.031250
0 0.294531 0.286719 0.048438 0.017188
0 0.303125 0.309375 0.037500 0.025000
0 0.121875 0.012500 0.034375 0.021875
0 0.132812 0.039844 0.037500 0.023438
0 0.146094 0.067969 0.039062 0.026562
0 0.162500 0.096875 0.034375 0.028125
0 0.177344 0.128125 0.051562 0.028125
0 0.188281 0.164062 0.039062 0.031250
0 0.196094 0.192969 0.039062 0.026562
0 0.211719 0.224219 0.045312 0.035937
0 0.230469 0.252344 0.026562 0.017188
0 0.239063 0.271875 0.025000 0.018750
0 0.251563 0.293750 0.040625 0.025000
0 0.266406 0.325000 0.039062 0.031250
0 0.085156 0.013281 0.039062 0.020313
0 0.092969 0.040625 0.032813 0.028125
0 0.105469 0.069531 0.051562 0.029687
0 0.119531 0.106250 0.042188 0.034375
0 0.131250 0.139844 0.037500 0.035937
0 0.158594 0.210156 0.039062 0.026562
0 0.149219 0.175781 0.048438 0.032813
0 0.172656 0.235937 0.032813 0.025000
0 0.195312 0.262500 0.050000 0.028125
0 0.223438 0.325781 0.037500 0.032813
0 0.036719 0.012500 -0.042188 -0.025000
0 0.050781 0.040625 0.045312 0.028125
0 0.064062 0.074219 0.050000 0.032813
0 0.076563 0.110156 0.040625 0.035937
0 0.092188 0.146875 0.043750 0.034375
0 0.102344 0.182812 0.042188 0.034375
0 0.117969 0.211719 0.039062 0.026562
0 0.134375 0.239844 0.046875 0.032813
0 0.150000 0.271875 0.043750 0.028125
0 0.165625 0.300781 0.034375 0.029687
0 0.186719 0.328906 0.035937 0.026562
0 0.199219 0.360156 0.035937 0.026562
0 0.202344 0.292969 0.048438 0.029687
0 0.015625 0.042188 -0.028125 -0.037500
0 0.009375 0.015625 -0.015625 -0.031250
0 0.021094 0.083594 -0.035937 -0.039062
0 0.017969 0.114062 -0.029687 -0.021875
0 0.048438 0.149219 0.040625 0.045312
0 0.060156 0.187500 0.045312 0.031250
0 0.078125 0.221094 0.040625 0.032813
0 0.095312 0.255469 0.050000 0.035937
0 0.112500 0.289844 0.053125 0.035937
0 0.129688 0.320312 0.056250 0.025000
0 0.145313 0.346875 0.053125 0.021875
0 0.159375 0.378125 0.046875 0.037500
0 0.017969 0.146875 -0.029687 -0.046875
0 0.019531 0.192188 -0.035937 -0.037500
0 0.037500 0.230469 0.046875 0.032813
0 0.054688 0.263281 0.034375 0.035937
0 0.071094 0.296875 0.032813 0.031250
0 0.083594 0.328125 0.039062 0.028125
0 0.104688 0.361719 0.050000 0.032813
0 0.117969 0.393750 0.035937 0.031250
0 0.028906 0.284375 -0.045312 -0.034375
0 0.012500 0.246875 -0.025000 -0.046875
0 0.039844 0.321094 0.045312 0.042188
0 0.053906 0.355469 0.045312 0.032813
0 0.071875 0.385156 0.043750 0.029687
0 0.080469 0.414062 0.045312 0.031250
0 0.014844 0.327344 -0.026562 -0.048438
0 0.025000 0.363281 -0.037500 -0.026562
0 0.034375 0.389062 -0.040625 -0.025000
0 0.007031 0.417187 -0.010937 -0.040625
0 0.041406 0.418750 0.035937 0.031250
