0 0.989844 0.012500 0.014063 0.021875
0 0.958594 0.010937 0.045312 0.018750
0 0.969531 0.035937 0.039062 0.025000
0 0.978906 0.064062 0.035937 0.025000
0 0.984375 0.095312 0.025000 0.034375
0 0.989062 0.128125 0.018750 0.025000
0 0.993750 0.151562 0.006250 0.018750
0 0.994531 0.032813 0.004687 0.015625
0 0.912500 0.014844 0.046875 0.026562
0 0.925781 0.042969 0.032813 0.026562
0 0.939063 0.071094 0.031250 0.026562
0 0.946094 0.090625 0.029687 0.012500
0 0.953906 0.114844 0.026562 0.032813
0 0.967187 0.146094 0.031250 0.032813
0 0.976562 0.176563 0.034375 0.025000
0 0.985156 0.200781 0.026562 0.023438
0 0.990625 0.224219 0.015625 0.017188
0 0.868750 0.011719 -0.028125 -0.020313
0 0.882031 0.029687 0.023438 0.015625
0 0.889844 0.049219 0.032813 0.023438
0 0.900781 0.071875 0.035937 0.021875
0 0.910937 0.095312 0.034375 0.018750
0 0.921875 0.117969 0.037500 0.020313
0 0.925000 0.140625 0.012500 0.015625
0 0.939063 0.157031 0.021875 0.032813
0 0.950781 0.189844 0.029687 0.032813
0 0.962500 0.216406 0.028125 0.026562
0 0.969531 0.242188 0.029687 0.021875
0 0.983594 0.267188 0.026562 0.028125
0 0.990625 0.292969 0.015625 0.017188
0 0.992188 0.320312 0.012500 0.028125
0 0.838281 0.015625 0.032813 0.028125
0 0.850000 0.044531 0.034375 0.023438
0 0.856250 0.066406 0.037500 0.023438
0 0.865625 0.089063 0.031250 0.021875
0 0.882812 0.111719 0.043750 0.029687
0 0.894531 0.139844 0.039062 0.026562
0 0.903906 0.169531 0.039062 0.026562
0 0.912500 0.196094 0.031250 0.029687
0 0.927344 0.226562 0.042188 0.028125
0 0.939844 0.256250 0.035937 0.031250
0 0.951562 0.285156 0.034375 0.029687
0 0.962500 0.314844 0.037500 0.026562
0 0.967969 0.339844 0.035937 0.026562
0 0.980469 0.371094 0.035937 0.029687
0 0.984375 0.398438 0.025000 0.028125
0 0.989844 0.428906 0.014063 0.026562
0 0.796875 0.011719 0.028125 0.020313
0 0.810156 0.034375 0.032813 0.028125
0 0.817187 0.061719 0.034375 0.026562
0 0.826562 0.086719 0.040625 0.026562
0 0.837500 0.114062 0.043750 0.028125
0 0.850000 0.142187 0.037500 0.031250
0 0.860156 0.168750 0.032813 0.031250
0 0.873437 0.198437 0.043750 0.034375
0 0.885938 0.229687 0.037500 0.028125
0 0.897656 0.258594 0.045312 0.026562
0 0.905469 0.282813 0.026562 0.025000
0 0.920312 0.311719 0.034375 0.023438
0 0.928125 0.336719 0.031250 0.023438
0 0.940625 0.367969 0.034375 0.035937
0 0.957031 0.400000 0.029687 0.034375
0 0.964063 0.433594 0.034375 0.035937
0 0.978125 0.468750 0.034375 0.040625
0 0.986719 0.503906 0.023438 0.032813
0 0.765625 0.014844 0.031250 0.026562
0 0.771094 0.035156 0.032813 0.020313
0 0.780469 0.058594 0.032813 0.023438
0 0.787500 0.083594 0.034375 0.023438
0 0.797656 0.108594 0.035937 0.020313
0 0.805469 0.135937 0.042188 0.031250
0 0.817187 0.162500 0.025000 0.018750
0 0.830469 0.188281 0.039062 0.039062
0 0.841406 0.220312 0.032813 0.028125
0 0.857031 0.250000 0.032813 0.028125
0 0.866406 0.275781 0.029687 0.026562
0 0.877344 0.302344 0.042188 0.029687
0 0.890625 0.330469 0.037500 0.029687
0 0.900781 0.360938 0.045312 0.025000
0 0.901563 0.387500 0.037500 0.028125
0 0.917969 0.411719 0.032813 0.026562
0 0.924219 0.434375 0.035937 0.025000
0 0.930469 0.459375 0.026562 0.018750
0 0.949219 0.483594 0.032813 0.029687
0 0.961719 0.514844 0.032813 0.026562
0 0.972656 0.543750 0.035937 0.034375
0 0.986719 0.576562 0.020313 0.025000
0 0.725000 0.014063 0.040625 0.021875
0 0.730469 0.039844 0.035937 0.026562
0 0.744531 0.068750 0.042188 0.028125
0 0.756250 0.095312 0.034375 0.025000
0 0.764062 0.123438 0.037500 0.031250
0 0.775000 0.157031 0.031250 0.026562
0 0.789844 0.178125 0.029687 0.037500
0 0.796094 0.203906 0.023438 0.020313
0 0.808594 0.231250 0.035937 0.034375
0 0.822656 0.261719 0.039062 0.029687
0 0.830469 0.292969 0.045312 0.029687
0 0.846094 0.328125 0.035937 0.034375
0 0.856250 0.364844 0.034375 0.032813
0 0.868750 0.397656 0.028125 0.029687
0 0.882812 0.422656 0.031250 0.035937
0 0.896875 0.456250 0.040625 0.031250
0 0.910156 0.483594 0.035937 0.026562
0 0.920312 0.514062 0.037500 0.031250
0 0.935156 0.543750 0.035937 0.034375
0 0.952344 0.576562 0.029687 0.028125
0 0.682813 0.020313 0.034375 0.037500
0 0.695312 0.051562 0.018750 0.021875
0 0.705469 0.072656 0.020313 0.014063
0 0.714063 0.094531 0.028125 0.023438
0 0.727344 0.126562 0.035937 0.034375
0 0.735938 0.160156 0.037500 0.032813
0 0.748437 0.193750 0.043750 0.031250
0 0.766406 0.229687 0.048438 0.034375
0 0.775781 0.264062 0.045312 0.034375
0 0.791406 0.299219 0.042188 0.035937
0 0.803125 0.332813 0.043750 0.031250
0 0.817969 0.368750 0.042188 0.031250
0 0.828906 0.403906 0.029687 0.035937
0 0.841406 0.439063 0.042188 0.031250
0 0.856250 0.468750 0.037500 0.025000
0 0.868750 0.496094 0.046875 0.029687
0 0.882031 0.528125 0.039062 0.028125
0 0.898438 0.559375 0.034375 0.031250
0 0.911719 0.593750 0.026562 0.031250
0 0.641406 0.010156 0.039062 0.020313
0 0.663281 0.061719 0.039062 0.045312
0 0.679688 0.094531 0.018750 0.017188
0 0.685937 0.119531 0.025000 0.017188
0 0.692187 0.145313 0.018750 0.018750
0 0.707031 0.178125 0.035937 0.040625
0 0.727344 0.219531 0.035937 0.035937
0 0.737500 0.257812 0.037500 0.037500
0 0.750000 0.294531 0.037500 0.032813
0 0.761719 0.328906 0.042188 0.035937
0 0.775000 0.361719 0.037500 0.026562
0 0.789062 0.400000 0.043750 0.037500
0 0.809375 0.445312 0.040625 0.031250
0 0.820312 0.480469 0.037500 0.029687
0 0.833594 0.517969 0.039062 0.035937
0 0.853906 0.551562 0.048438 0.031250
0 0.865625 0.578125 0.046875 0.025000
0 0.876563 0.600781 0.040625 0.017188
0 0.600781 0.016406 0.045312 0.026562
0 0.615625 0.049219 0.043750 0.032813
0 0.628906 0.078125 0.035937 0.028125
0 0.638281 0.104688 0.035937 0.028125
0 0.650000 0.127344 0.021875 0.017188
0 0.657813 0.153125 0.031250 0.034375
0 0.669531 0.183594 0.032813 0.029687
0 0.685156 0.216406 0.051562 0.029687
0 0.689844 0.246875 0.045312 0.031250
0 0.699219 0.277344 0.048438 0.029687
0 0.712500 0.308594 0.040625 0.029687
0 0.723437 0.339844 0.040625 0.026562
0 0.737500 0.367969 0.034375 0.032813
0 0.740625 0.399219 0.046875 0.032813
0 0.760938 0.432031 0.037500 0.035937
0 0.784375 0.471094 0.040625 0.035937
0 0.795312 0.503125 0.040625 0.031250
0 0.806250 0.533594 0.040625 0.026562
0 0.819531 0.561719 0.032813 0.032813
0 0.831250 0.594531 0.037500 0.029687
0 0.554688 0.011719 0.034375 0.017188
0 0.566406 0.035937 0.035937 0.025000
0 0.578906 0.066406 0.042188 0.029687
0 0.589844 0.098437 0.045312 0.037500
0 0.607031 0.130469 0.035937 0.023438
0 0.619531 0.161719 0.035937 0.029687
0 0.628125 0.198437 0.050000 0.037500
0 0.639844 0.229687 0.039062 0.031250
0 0.652344 0.266406 0.042188 0.035937
0 0.660937 0.300781 0.037500 0.026562
0 0.679688 0.331250 0.037500 0.034375
0 0.692969 0.367188 0.035937 0.031250
0 0.707031 0.399219 0.032813 0.035937
0 0.719531 0.433594 0.042188 0.032813
0 0.735156 0.468750 0.051562 0.028125
0 0.746094 0.499219 0.045312 0.029687
0 0.765625 0.535937 0.046875 0.034375
0 0.788281 0.571875 0.051562 0.031250
0 0.796094 0.600000 0.035937 0.025000
0 0.516406 0.016406 0.042188 0.026562
0 0.528125 0.045312 0.043750 0.025000
0 0.538281 0.074219 0.039062 0.029687
0 0.549219 0.107813 0.039062 0.031250
0 0.567969 0.137500 0.045312 0.025000
0 0.573438 0.167187 0.040625 0.028125
0 0.585938 0.194531 0.031250 0.032813
0 0.594531 0.226562 0.035937 0.031250
0 0.609375 0.256250 0.040625 0.031250
0 0.617969 0.285156 0.045312 0.026562
0 0.628906 0.313281 0.042188 0.023438
0 0.639844 0.341406 0.042188 0.029687
0 0.652344 0.376563 0.051562 0.034375
0 0.667188 0.412500 0.053125 0.031250
0 0.682031 0.448437 0.045312 0.034375
0 0.698438 0.478906 0.034375 0.026562
0 0.716406 0.507031 0.039062 0.029687
0 0.727344 0.539844 0.035937 0.029687
0 0.738281 0.567187 0.045312 0.028125
0 0.750000 0.598437 0.040625 0.025000
0 0.473438 0.018750 0.040625 0.034375
0 0.486719 0.046875 0.039062 0.025000
0 0.496094 0.079687 0.039062 0.034375
0 0.515625 0.114844 0.040625 0.032813
0 0.527344 0.145313 0.045312 0.028125
0 0.535156 0.175781 0.035937 0.029687
0 0.548438 0.212500 0.046875 0.034375
0 0.562500 0.247656 0.046875 0.035937
0 0.574219 0.282031 0.042188 0.035937
0 0.590625 0.318750 0.037500 0.034375
0 0.606250 0.359375 0.050000 0.043750
0 0.617188 0.396094 0.037500 0.035937
0 0.629687 0.429688 0.043750 0.031250
0 0.647656 0.466406 0.042188 0.039062
0 0.667188 0.501563 0.046875 0.034375
0 0.689063 0.543750 0.050000 0.037500
0 0.699219 0.576562 0.045312 0.021875
0 0.710156 0.601562 0.039062 0.021875
0 0.433594 0.009375 0.045312 0.018750
0 0.446875 0.034375 0.034375 0.028125
0 0.452344 0.062500 0.029687 0.028125
0 0.462500 0.089063 0.031250 0.028125
0 0.475000 0.117188 0.037500 0.031250
0 0.487500 0.149219 0.040625 0.032813
0 0.497656 0.178906 0.042188 0.026562
0 0.504687 0.208594 0.046875 0.029687
0 0.511719 0.238281 0.048438 0.026562
0 0.526563 0.271094 0.046875 0.026562
0 0.541406 0.297656 0.039062 0.026562
0 0.545312 0.328125 0.046875 0.028125
0 0.566406 0.357812 0.039062 0.034375
0 0.578906 0.392969 0.042188 0.035937
0 0.591406 0.427344 0.048438 0.032813
0 0.606250 0.456250 0.037500 0.021875
0 0.618750 0.482031 0.040625 0.029687
0 0.627344 0.505469 0.039062 0.023438
0 0.646094 0.531250 0.051562 0.021875
0 0.654687 0.559375 0.037500 0.028125
0 0.664062 0.593750 0.040625 0.031250
0 0.391406 0.015625 0.032813 0.028125
0 0.410156 0.042969 0.032813 0.029687
0 0.421875 0.073438 0.037500 0.028125
0 0.429688 0.096094 0.034375 0.017188
0 0.433594 0.120313 0.035937 0.031250
0 0.447656 0.143750 0.032813 0.021875
0 0.453906 0.166406 0.029687 0.026562
0 0.461719 0.191406 0.032813 0.029687
0 0.471875 0.216406 0.025000 0.026562
0 0.477344 0.246094 0.023438 0.035937
0 0.489063 0.267188 0.025000 0.028125
0 0.503125 0.292187 0.043750 0.025000
0 0.515625 0.317969 0.031250 0.026562
0 0.521094 0.344531 0.035937 0.023438
0 0.532813 0.370312 0.034375 0.025000
0 0.562500 0.410938 0.000000 0.000000
0 0.541406 0.398438 0.035937 0.028125
0 0.551562 0.423438 0.031250 0.025000
0 0.564063 0.449219 0.028125 0.026562
0 0.577344 0.471094 0.039062 0.023438
0 0.582812 0.495312 0.034375 0.021875
0 0.593750 0.517188 0.031250 0.025000
0 0.608594 0.546094 0.032813 0.029687
0 0.614844 0.571094 0.035937 0.023438
0 0.621094 0.592969 0.032813 0.023438
0 0.629687 0.610156 0.028125 0.014063
0 0.356250 0.015625 0.043750 0.031250
0 0.370312 0.044531 0.040625 0.026562
0 0.375000 0.070312 0.037500 0.028125
0 0.387500 0.100000 0.040625 0.028125
0 0.396094 0.131250 0.035937 0.028125
0 0.406250 0.157812 0.043750 0.034375
0 0.415625 0.188281 0.050000 0.029687
0 0.427344 0.217969 0.035937 0.032813
0 0.444531 0.250781 0.039062 0.029687
0 0.455469 0.282031 0.039062 0.029687
0 0.468750 0.317188 0.037500 0.034375
0 0.482031 0.352344 0.039062 0.032813
0 0.495312 0.386719 0.037500 0.026562
0 0.511719 0.418750 0.042188 0.028125
0 0.519531 0.449219 0.039062 0.029687
0 0.535156 0.485938 0.048438 0.031250
0 0.549219 0.521875 0.039062 0.034375
0 0.569531 0.554688 0.042188 0.031250
0 0.584375 0.588281 0.043750 0.026562
0 0.594531 0.613281 0.039062 0.020313
0 0.312500 0.015625 0.046875 0.028125
0 0.323437 0.044531 0.043750 0.026562
0 0.331250 0.074219 0.040625 0.023438
0 0.341406 0.103906 0.045312 0.032813
0 0.357031 0.138281 0.045312 0.029687
0 0.363281 0.167969 0.039062 0.026562
0 0.376563 0.198437 0.043750 0.028125
0 0.391406 0.225000 0.045312 0.021875
0 0.401562 0.251563 0.037500 0.028125
0 0.414844 0.282031 0.051562 0.023438
0 0.420312 0.310156 0.043750 0.026562
0 0.435156 0.342187 0.042188 0.034375
0 0.446094 0.375781 0.042188 0.029687
0 0.461719 0.404687 0.042188 0.031250
0 0.472656 0.432812 0.039062 0.028125
0 0.485156 0.464062 0.042188 0.034375
0 0.491406 0.495312 0.039062 0.031250
0 0.506250 0.528125 0.043750 0.028125
0 0.526563 0.557813 0.043750 0.031250
0 0.542969 0.589063 0.039062 0.034375
0 0.547656 0.616406 0.039062 0.010937
0 0.268750 0.010156 -0.040625 -0.017188
0 0.274219 0.032813 0.032813 0.031250
0 0.282813 0.065625 0.040625 0.028125
0 0.296094 0.090625 0.029687 0.021875
0 0.305469 0.119531 0.035937 0.032813
0 0.318750 0.151562 0.037500 0.028125
0 0.327344 0.182031 0.029687 0.032813
0 0.344531 0.212500 0.035937 0.028125
0 0.357812 0.246875 0.037500 0.037500
0 0.367188 0.278906 0.040625 0.029687
0 0.381250 0.311719 0.037500 0.032813
0 0.396094 0.350781 0.035937 0.039062
0 0.410156 0.388281 0.042188 0.029687
0 0.425781 0.418750 0.039062 0.034375
0 0.438281 0.449219 0.029687 0.029687
0 0.444531 0.473438 0.045312 0.025000
0 0.457813 0.502344 0.037500 0.029687
0 0.469531 0.534375 0.039062 0.031250
0 0.485156 0.563281 0.045312 0.029687
0 0.500781 0.592969 0.039062 0.026562
0 0.503906 0.614062 0.045312 0.015625
0 0.228906 0.011719 0.035937 0.023438
0 0.237500 0.036719 0.037500 0.020313
0 0.246875 0.059375 0.031250 0.025000
0 0.255469 0.085938 0.032813 0.021875
0 0.264844 0.110156 0.039062 0.023438
0 0.274219 0.136719 0.039062 0.029687
0 0.283594 0.167969 0.042188 0.029687
0 0.294531 0.200000 0.039062 0.028125
0 0.309375 0.228125 0.040625 0.028125
0 0.321875 0.262500 0.037500 0.034375
0 0.335156 0.300000 0.042188 0.031250
0 0.350000 0.332031 0.043750 0.035937
0 0.362500 0.369531 0.040625 0.032813
0 0.376563 0.400000 0.031250 0.028125
0 0.387500 0.428906 0.037500 0.032813
0 0.402344 0.462500 0.045312 0.031250
0 0.408594 0.490625 0.039062 0.025000
0 0.427344 0.517969 0.045312 0.029687
0 0.435156 0.545312 0.039062 0.028125
0 0.447656 0.575781 0.039062 0.029687
0 0.457031 0.600000 0.042188 0.025000
0 0.184375 0.012500 -0.043750 -0.021875
0 0.193750 0.039844 0.043750 0.029687
0 0.210156 0.067187 0.035937 0.025000
0 0.219531 0.097656 0.042188 0.035937
0 0.235156 0.135156 0.039062 0.039062
0 0.248438 0.167187 0.043750 0.028125
0 0.253125 0.193750 0.037500 0.037500
0 0.267188 0.230469 0.040625 0.032813
0 0.278906 0.269531 0.042188 0.035937
0 0.298438 0.305469 0.037500 0.029687
0 0.311719 0.335156 0.035937 0.032813
0 0.320312 0.369531 0.046875 0.032813
0 0.332813 0.402344 0.046875 0.032813
0 0.348438 0.436719 0.040625 0.035937
0 0.359375 0.472656 0.046875 0.032813
0 0.371875 0.503125 0.043750 0.034375
0 0.389844 0.533594 0.048438 0.023438
0 0.401562 0.558594 0.046875 0.029687
0 0.413281 0.589063 0.048438 0.028125
0 0.419531 0.615625 0.048438 0.034375
0 0.142969 0.015625 0.039062 0.028125
0 0.153906 0.042188 0.039062 0.028125
0 0.169531 0.074219 0.042188 0.029687
0 0.179688 0.106250 0.043750 0.025000
0 0.185938 0.132812 0.046875 0.031250
0 0.202344 0.165625 0.045312 0.034375
0 0.212500 0.200000 0.037500 0.028125
0 0.225000 0.236719 0.043750 0.032813
0 0.236719 0.269531 0.039062 0.029687
0 0.253125 0.307812 0.053125 0.034375
0 0.271094 0.345313 0.048438 0.034375
0 0.279687 0.382812 0.037500 0.034375
0 0.292969 0.415625 0.039062 0.031250
0 0.312500 0.446094 0.043750 0.029687
0 0.322656 0.480469 0.039062 0.039062
0 0.335938 0.519531 0.053125 0.029687
0 0.353125 0.548438 0.043750 0.028125
0 0.361719 0.577344 0.042188 0.029687
0 0.365625 0.603906 0.040625 0.026562
0 0.102344 0.011719 0.035937 0.023438
0 0.112500 0.039062 0.040625 0.025000
0 0.121094 0.064062 0.035937 0.021875
0 0.135156 0.092188 0.039062 0.031250
0 0.146094 0.127344 0.029687 0.035937
0 0.160938 0.163281 0.043750 0.026562
0 0.175000 0.189844 0.037500 0.032813
0 0.180469 0.225000 0.035937 0.031250
0 0.201563 0.253906 0.040625 0.023438
0 0.213281 0.279687 0.042188 0.031250
0 0.219531 0.309375 0.035937 0.034375
0 0.235156 0.342969 0.042188 0.029687
0 0.244531 0.369531 0.042188 0.023438
0 0.255469 0.396094 0.035937 0.026562
0 0.264062 0.421094 0.034375 0.029687
0 0.274219 0.454688 0.039062 0.028125
0 0.285156 0.482031 0.042188 0.029687
0 0.293750 0.510156 0.037500 0.026562
0 0.308594 0.538281 0.042188 0.026562
0 0.325000 0.563281 0.034375 0.020313
0 0.335938 0.590625 0.046875 0.031250
0 0.335156 0.615625 0.035937 0.018750
0 0.067969 0.014844 0.032813 0.023438
0 0.076563 0.041406 0.034375 0.023438
0 0.084375 0.064062 0.040625 0.025000
0 0.091406 0.092188 0.045312 0.028125
0 0.106250 0.121875 0.040625 0.034375
0 0.119531 0.161719 0.045312 0.039062
0 0.135156 0.196875 0.045312 0.037500
0 0.149219 0.238281 0.048438 0.039062
0 0.164844 0.275781 0.045312 0.039062
0 0.189062 0.314844 0.043750 0.032813
0 0.200000 0.351562 0.034375 0.031250
0 0.210156 0.383594 0.039062 0.029687
0 0.225781 0.422656 0.045312 0.035937
0 0.235156 0.460156 0.039062 0.032813
0 0.248438 0.493750 0.040625 0.025000
0 0.260937 0.526563 0.037500 0.031250
0 0.278125 0.560937 0.040625 0.034375
0 0.288281 0.598437 0.039062 0.028125
0 0.294531 0.618750 0.035937 0.021875
0 0.027344 0.012500 -0.045312 -0.025000
0 0.007031 0.014844 -0.010937 -0.026562
0 0.034375 0.040625 0.040625 0.028125
0 0.048438 0.075000 0.043750 0.031250
0 0.052344 0.104688 0.039062 0.028125
0 0.064844 0.135156 0.042188 0.029687
0 0.076563 0.164062 0.034375 0.031250
0 0.092969 0.199219 0.035937 0.035937
0 0.107031 0.235156 0.035937 0.039062
0 0.122656 0.271094 0.039062 0.039062
0 0.139844 0.303125 0.045312 0.037500
0 0.157031 0.342969 0.048438 0.032813
0 0.165625 0.377344 0.040625 0.032813
0 0.177344 0.413281 0.035937 0.032813
0 0.188281 0.447656 0.042188 0.026562
0 0.198437 0.481250 0.037500 0.037500
0 0.215625 0.517188 0.040625 0.031250
0 0.227344 0.551562 0.045312 0.034375
0 0.239844 0.582812 0.042188 0.025000
0 0.253125 0.610938 0.040625 0.034375
0 0.010937 0.056250 -0.021875 -0.046875
0 0.017969 0.103906 -0.035937 -0.042188
0 0.031250 0.142969 0.037500 0.032813
0 0.039844 0.182812 0.032813 0.046875
0 0.054688 0.203906 0.037500 0.042188
0 0.069531 0.241406 0.045312 0.032813
0 0.077344 0.276562 0.048438 0.031250
0 0.092188 0.308594 0.037500 0.039062
0 0.103906 0.338281 0.042188 0.026562
0 0.119531 0.371094 0.039062 0.035937
0 0.135156 0.408594 0.039062 0.035937
0 0.146875 0.446875 0.040625 0.034375
0 0.157031 0.483594 0.042188 0.032813
0 0.172656 0.513281 0.048438 0.032813
0 0.185938 0.546875 0.031250 0.037500
0 0.195312 0.585156 0.043750 0.032813
0 0.210156 0.612500 0.045312 0.025000
0 0.010937 0.152344 -0.018750 -0.045312
0 0.015625 0.198437 -0.031250 -0.043750
0 0.023438 0.237500 -0.046875 -0.034375
0 0.038281 0.274219 0.032813 0.029687
0 0.047656 0.307031 0.035937 0.029687
0 0.061719 0.342187 0.042188 0.040625
0 0.080469 0.378125 0.042188 0.034375
0 0.092969 0.414844 0.042188 0.035937
0 0.103906 0.450000 0.035937 0.034375
0 0.117969 0.484375 0.042188 0.034375
0 0.131250 0.516406 0.043750 0.035937
0 0.141406 0.546875 0.051562 0.031250
0 0.160938 0.582031 0.046875 0.035937
0 0.167969 0.614062 0.035937 0.021875
0 0.013281 0.275000 -0.023438 -0.037500
0 0.019531 0.310937 -0.035937 -0.034375
0 0.024219 0.346094 -0.042188 -0.035937
0 0.035937 0.381250 0.037500 0.034375
0 0.052344 0.417187 0.048438 0.034375
0 0.057031 0.446094 0.032813 0.026562
0 0.071875 0.472656 0.031250 0.029687
0 0.087500 0.507031 0.037500 0.035937
0 0.101562 0.542969 0.043750 0.035937
0 0.114062 0.578125 0.034375 0.037500
0 0.130469 0.610938 0.035937 0.025000
0 0.014063 0.394531 -0.028125 -0.054688
0 0.021875 0.446094 -0.037500 -0.045312
0 0.039844 0.489063 0.035937 0.034375
0 0.053125 0.531250 0.034375 0.046875
0 0.068750 0.567187 0.034375 0.028125
0 0.085156 0.598437 0.042188 0.037500
0 0.018750 0.495312 -0.034375 -0.046875
0 0.024219 0.537500 -0.048438 -0.034375
0 0.027344 0.575000 -0.054688 -0.037500
0 0.043750 0.611719 0.043750 0.035937
0 0.054688 0.650781 0.046875 0.032813
0 0.071094 0.687500 0.042188 0.037500
0 0.087500 0.728125 0.043750 0.040625
0 0.099219 0.767188 0.051562 0.037500
0 0.114062 0.803906 0.040625 0.029687
0 0.127344 0.838281 0.045312 0.032813
0 0.150000 0.877344 0.053125 0.042188
0 0.158594 0.915625 0.051562 0.034375
0 0.165625 0.943750 0.046875 0.037500
0 0.171094 0.969531 0.045312 0.023438
0 0.167969 0.986719 0.035937 0.020313
0 0.015625 0.617969 -0.028125 -0.039062
0 0.021094 0.651563 -0.035937 -0.034375
0 0.039844 0.689063 0.035937 0.034375
0 0.049219 0.717187 0.029687 0.025000
0 0.055469 0.747656 0.032813 0.029687
0 0.067969 0.779687 0.035937 0.031250
0 0.080469 0.810156 0.029687 0.029687
0 0.092969 0.841406 0.039062 0.023438
0 0.107813 0.868750 0.031250 0.031250
0 0.112500 0.906250 0.034375 0.028125
0 0.117969 0.935937 0.032813 0.025000
0 0.121094 0.960938 0.029687 0.025000
0 0.126562 0.985156 0.037500 0.023438
0 0.017969 0.693750 -0.029687 -0.046875
0 0.022656 0.737500 -0.035937 -0.037500
0 0.030469 0.780469 0.035937 0.039062
0 0.042969 0.819531 0.045312 0.032813
0 0.054688 0.853125 0.040625 0.031250
0 0.067187 0.882812 0.043750 0.028125
0 0.077344 0.914062 0.045312 0.028125
0 0.082812 0.944531 0.037500 0.029687
0 0.092188 0.971875 0.037500 0.018750
0 0.093750 0.989844 0.037500 0.014063
0 0.013281 0.817187 -0.026562 -0.040625
0 0.008594 0.778125 -0.010937 -0.040625
0 0.018750 0.854688 -0.037500 -0.034375
0 0.031250 0.887500 0.028125 0.028125
0 0.039844 0.918750 0.035937 0.034375
0 0.042969 0.948438 0.035937 0.028125
0 0.050000 0.971094 0.037500 0.020313
0 0.057031 0.989844 0.029687 0.017188
0 0.010937 0.892969 -0.021875 -0.039062
0 0.011719 0.929688 -0.023438 -0.028125
0 0.013281 0.960156 -0.026562 -0.029687
0 0.024219 0.983594 0.032813 0.029687
0 0.092969 0.632812 0.042188 0.025000
0 0.107031 0.661719 0.032813 0.029687
0 0.114844 0.692187 0.039062 0.031250
0 0.124219 0.720313 0.042188 0.025000
0 0.133594 0.750000 0.035937 0.037500
0 0.148438 0.782031 0.037500 0.032813
0 0.160156 0.818750 0.039062 0.040625
0 0.171094 0.853125 0.039062 0.046875
0 0.185156 0.876563 0.035937 0.031250
0 0.192969 0.900781 0.026562 0.029687
0 0.203125 0.921094 0.034375 0.029687
0 0.204687 0.944531 0.034375 0.029687
0 0.210938 0.967187 0.025000 0.021875
0 0.212500 0.981250 0.040625 0.028125
0 0.135156 0.637500 -0.035937 -0.025000
0 0.144531 0.662500 0.035937 0.034375
0 0.156250 0.687500 0.040625 0.025000
0 0.166406 0.714844 0.045312 0.032813
0 0.174219 0.739062 0.042188 0.031250
0 0.182031 0.767188 0.048438 0.040625
0 0.194531 0.796094 0.045312 0.029687
0 0.209375 0.829688 0.040625 0.037500
0 0.215625 0.859375 0.040625 0.037500
0 0.232031 0.890625 0.051562 0.031250
0 0.239063 0.919531 0.040625 0.029687
0 0.250781 0.943750 0.045312 0.031250
0 0.259375 0.970313 0.046875 0.018750
0 0.262500 0.989062 0.050000 0.018750
0 0.178906 0.642969 0.032813 0.032813
0 0.189844 0.674219 0.035937 0.026562
0 0.200781 0.701562 0.039062 0.031250
0 0.213281 0.735938 0.039062 0.034375
0 0.225000 0.767969 0.037500 0.035937
0 0.239844 0.803125 0.042188 0.037500
0 0.242969 0.833594 0.042188 0.035937
0 0.260937 0.867969 0.040625 0.029687
0 0.275000 0.891406 0.037500 0.029687
0 0.283594 0.924219 0.042188 0.026562
0 0.304688 0.955469 0.056250 0.029687
0 0.310156 0.982812 0.039062 0.028125
0 0.217969 0.638281 0.032813 0.020313
0 0.223438 0.664062 0.034375 0.025000
0 0.235937 0.689844 0.034375 0.029687
0 0.241406 0.721875 0.035937 0.034375
0 0.254688 0.754687 0.031250 0.031250
0 0.265625 0.780469 0.034375 0.023438
0 0.285156 0.810937 0.042188 0.031250
0 0.286719 0.839063 0.045312 0.037500
0 0.303906 0.872656 0.039062 0.032813
0 0.311719 0.901563 0.039062 0.028125
0 0.327344 0.933594 0.035937 0.042188
0 0.343750 0.968750 0.040625 0.031250
0 0.351562 0.985938 0.040625 0.021875
0 0.246875 0.642188 0.021875 0.025000
0 0.267969 0.640625 0.029687 0.025000
0 0.270313 0.669531 0.040625 0.026562
0 0.280469 0.696875 0.042188 0.031250
0 0.289844 0.728906 0.035937 0.026562
0 0.296875 0.754687 0.037500 0.031250
0 0.310937 0.776563 0.040625 0.028125
0 0.325000 0.800000 0.040625 0.028125
0 0.335938 0.834375 0.040625 0.028125
0 0.343750 0.864844 0.037500 0.026562
0 0.355469 0.896875 0.032813 0.028125
0 0.364063 0.926562 0.037500 0.025000
0 0.379688 0.953125 0.046875 0.028125
0 0.392188 0.984375 0.043750 0.025000
0 0.307812 0.643750 -0.037500 -0.028125
0 0.318750 0.673438 0.043750 0.025000
0 0.331250 0.707031 0.050000 0.029687
0 0.367188 0.760938 0.000000 0.000000
0 0.338281 0.739062 0.045312 0.034375
0 0.351562 0.771875 0.037500 0.034375
0 0.364063 0.805469 0.043750 0.035937
0 0.384375 0.844531 0.050000 0.035937
0 0.392188 0.879687 0.043750 0.034375
0 0.403125 0.911719 0.043750 0.026562
0 0.412500 0.941406 0.034375 0.032813
0 0.432031 0.978906 0.042188 0.035937
0 0.346875 0.640625 0.040625 0.028125
0 0.360938 0.670312 0.040625 0.031250
0 0.371875 0.701562 0.037500 0.031250
0 0.378125 0.731250 0.037500 0.028125
0 0.390625 0.760938 0.040625 0.031250
0 0.396094 0.792969 0.035937 0.039062
0 0.410938 0.821094 0.040625 0.035937
0 0.427344 0.850781 0.039062 0.035937
0 0.434375 0.881250 0.037500 0.034375
0 0.446875 0.914062 0.037500 0.034375
0 0.458594 0.944531 0.045312 0.026562
0 0.475781 0.971875 0.039062 0.021875
0 0.478906 0.989844 0.035937 0.017188
0 0.381250 0.634375 0.037500 0.025000
0 0.396875 0.663281 0.034375 0.035937
0 0.408594 0.701562 0.032813 0.031250
0 0.419531 0.733594 0.039062 0.029687
0 0.432031 0.764062 0.042188 0.037500
0 0.437500 0.791406 0.040625 0.026562
0 0.448437 0.818750 0.043750 0.034375
0 0.464844 0.854688 0.039062 0.037500
0 0.469531 0.889844 0.035937 0.032813
0 0.488281 0.917969 0.042188 0.029687
0 0.503906 0.946875 0.048438 0.031250
0 0.511719 0.973437 0.042188 0.028125
0 0.521094 0.986719 0.045312 0.020313
0 0.427344 0.646094 0.045312 0.032813
0 0.434375 0.676562 0.037500 0.028125
0 0.445312 0.704688 0.037500 0.031250
0 0.453125 0.735938 0.043750 0.031250
0 0.478125 0.772656 0.046875 0.035937
0 0.491406 0.812500 0.045312 0.034375
0 0.506250 0.846875 0.046875 0.031250
0 0.509375 0.881250 0.050000 0.034375
0 0.528906 0.912500 0.048438 0.031250
0 0.543750 0.943750 0.043750 0.028125
0 0.551562 0.966406 0.037500 0.023438
0 0.564844 0.987500 0.045312 0.021875
0 0.467187 0.628906 0.037500 0.026562
0 0.476562 0.658594 0.040625 0.029687
0 0.485938 0.691406 0.040625 0.029687
0 0.489844 0.722656 0.035937 0.023438
0 0.503125 0.746875 0.040625 0.028125
0 0.514062 0.772656 0.028125 0.039062
0 0.527344 0.810156 0.026562 0.029687
0 0.539844 0.842187 0.029687 0.034375
0 0.548438 0.872656 0.028125 0.026562
0 0.560937 0.904687 0.025000 0.034375
0 0.578906 0.939063 0.039062 0.025000
0 0.586719 0.964844 0.023438 0.023438
0 0.600781 0.987500 0.032813 0.021875
0 0.513281 0.636719 0.039062 0.026562
0 0.514062 0.664844 0.034375 0.029687
0 0.520312 0.696875 0.031250 0.025000
0 0.525000 0.727344 0.037500 0.029687
0 0.542188 0.756250 0.043750 0.025000
0 0.557813 0.787500 0.037500 0.028125
0 0.560156 0.817187 0.029687 0.028125
0 0.569531 0.842187 0.032813 0.031250
0 0.577344 0.873437 0.026562 0.031250
0 0.589063 0.904687 0.028125 0.025000
0 0.609375 0.932031 0.031250 0.029687
0 0.617188 0.960938 0.031250 0.031250
0 0.625000 0.978125 -0.003125 0.000000
0 0.633594 0.985938 0.032813 0.021875
0 0.540625 0.658594 0.021875 0.020313
0 0.543750 0.685937 0.031250 0.028125
0 0.561719 0.713281 0.035937 0.026562
0 0.565625 0.739844 0.028125 0.023438
0 0.575781 0.768750 0.020313 0.025000
0 0.593750 0.797656 0.031250 0.023438
0 0.597656 0.826562 0.026562 0.028125
0 0.610156 0.854688 0.039062 0.028125
0 0.615625 0.885156 0.025000 0.032813
0 0.621875 0.913281 0.028125 0.020313
0 0.636719 0.934375 0.032813 0.025000
0 0.654687 0.958594 0.034375 0.020313
0 0.667188 0.982812 0.037500 0.028125
0 0.590625 0.759375 0.015625 0.034375
0 0.605469 0.783594 0.020313 0.020313
0 0.617188 0.810156 0.018750 0.026562
0 0.625781 0.835938 0.014063 0.021875
0 0.634375 0.864062 0.015625 0.021875
0 0.643750 0.834375 0.021875 0.028125
0 0.652344 0.864062 0.029687 0.025000
0 0.660937 0.893750 0.034375 0.025000
0 0.671875 0.919531 0.028125 0.023438
0 0.678906 0.943750 0.032813 0.021875
0 0.692969 0.964844 0.023438 0.010937
0 0.700781 0.982812 0.023438 0.025000
0 0.734375 0.983594 0.040625 0.026562
0 0.723437 0.955469 0.046875 0.026562
0 0.711719 0.928125 -0.051562 -0.025000
0 0.703906 0.902344 -0.048438 -0.032813
0 0.695312 0.872656 -0.037500 -0.032813
0 0.677344 0.835938 -0.048438 -0.031250
0 0.660156 0.807031 -0.048438 -0.035937
0 0.653906 0.782813 -0.042188 -0.025000
0 0.648438 0.754687 -0.040625 -0.025000
0 0.636719 0.728906 -0.042188 -0.029687
0 0.627344 0.702344 -0.042188 -0.029687
0 0.618750 0.682813 -0.034375 -0.018750
0 0.607812 0.661719 -0.040625 -0.029687
0 0.600000 0.635938 -0.031250 -0.025000
0 0.561719 0.635156 0.048438 0.023438
0 0.575781 0.661719 0.039062 0.026562
0 0.578906 0.688281 0.035937 0.032813
0 0.595313 0.713281 0.028125 0.029687
0 0.599219 0.733594 0.026562 0.017188
0 0.613281 0.756250 0.029687 0.034375
0 0.625000 0.782031 0.018750 0.026562
0 0.776563 0.986719 0.034375 0.020313
0 0.767969 0.962500 -0.032813 -0.025000
0 0.757812 0.931250 -0.034375 -0.031250
0 0.742969 0.906250 -0.042188 -0.028125
0 0.735156 0.881250 -0.035937 -0.034375
0 0.725000 0.851562 -0.031250 -0.021875
0 0.714844 0.830469 -0.026562 -0.029687
0 0.704688 0.800781 -0.040625 -0.032813
0 0.685156 0.769531 -0.035937 -0.032813
0 0.678906 0.740625 -0.029687 -0.031250
0 0.659375 0.705469 -0.028125 -0.023438
0 0.663281 0.703906 -0.035937 -0.035937
0 0.650000 0.672656 -0.031250 -0.023438
0 0.628906 0.628125 -0.032813 -0.028125
0 0.641406 0.653125 -0.023438 -0.021875
0 0.664062 0.623437 0.037500 0.025000
0 0.677344 0.650781 0.042188 0.026562
0 0.686719 0.679688 0.035937 0.025000
0 0.699219 0.704688 0.029687 0.025000
0 0.708594 0.732031 0.032813 0.029687
0 0.721094 0.765625 0.039062 0.028125
0 0.737500 0.796875 0.021875 0.031250
0 0.741406 0.828906 0.029687 0.020313
0 0.751563 0.852344 0.021875 0.026562
0 0.764062 0.877344 0.028125 0.023438
0 0.774219 0.900000 0.026562 0.028125
0 0.784375 0.921094 0.040625 0.023438
0 0.800781 0.942969 0.042188 0.023438
0 0.805469 0.963281 0.042188 0.023438
0 0.814063 0.985156 0.043750 0.026562
0 0.856250 0.980469 0.040625 0.032813
0 0.844531 0.949219 -0.045312 -0.023438
0 0.834375 0.923438 -0.040625 -0.028125
0 0.820312 0.896094 -0.050000 -0.029687
0 0.801562 0.874219 -0.043750 -0.020313
0 0.788281 0.846875 -0.048438 -0.025000
0 0.782031 0.822656 -0.045312 -0.026562
0 0.766406 0.800781 -0.042188 -0.026562
0 0.764062 0.775000 -0.037500 -0.031250
0 0.747656 0.744531 -0.045312 -0.035937
0 0.733594 0.713281 -0.029687 -0.023438
0 0.721094 0.686719 -0.026562 -0.026562
0 0.714844 0.660937 -0.020313 -0.021875
0 0.707812 0.644531 -0.031250 -0.020313
0 0.696094 0.621875 -0.032813 -0.021875
0 0.727344 0.629687 0.039062 0.028125
0 0.742969 0.659375 0.026562 0.031250
0 0.749219 0.685156 0.029687 0.023438
0 0.764062 0.707031 0.031250 0.023438
0 0.773438 0.726562 0.028125 0.021875
0 0.791406 0.753906 0.032813 0.032813
0 0.807813 0.782813 0.028125 0.025000
0 0.822656 0.816406 0.039062 0.029687
0 0.827344 0.839844 0.032813 0.017188
0 0.842969 0.861719 0.029687 0.026562
0 0.850000 0.888281 0.021875 0.017188
0 0.855469 0.907031 0.014063 0.014063
0 0.903906 0.985938 0.042188 0.021875
0 0.897656 0.965625 -0.042188 -0.025000
0 0.882031 0.942969 -0.048438 -0.023438
0 0.880469 0.917188 -0.045312 -0.031250
0 0.874219 0.885938 -0.029687 -0.028125
0 0.861719 0.859375 -0.023438 -0.025000
0 0.850000 0.830469 -0.015625 -0.023438
0 0.845313 0.801562 -0.025000 -0.028125
0 0.830469 0.774219 -0.032813 -0.029687
0 0.806250 0.721875 -0.040625 -0.028125
0 0.817969 0.750000 -0.026562 -0.028125
0 0.785156 0.691406 -0.039062 -0.029687
0 0.778125 0.666406 -0.031250 -0.023438
0 0.769531 0.645312 -0.032813 -0.021875
0 0.760156 0.620313 -0.035937 -0.034375
0 0.808594 0.632031 0.045312 0.029687
0 0.818750 0.664062 0.043750 0.028125
0 0.835938 0.696094 0.046875 0.035937
0 0.846875 0.726562 0.040625 0.028125
0 0.859375 0.753906 0.037500 0.029687
0 0.871094 0.785156 0.039062 0.026562
0 0.883594 0.813281 0.045312 0.023438
0 0.898438 0.846094 0.040625 0.029687
0 0.905469 0.876563 0.042188 0.028125
0 0.917188 0.906250 0.034375 0.025000
0 0.926562 0.928125 0.034375 0.018750
0 0.934375 0.952344 0.037500 0.026562
0 0.942187 0.978906 0.043750 0.035937
0 0.980469 0.969531 0.032813 0.045312
0 0.969531 0.939844 -0.042188 -0.029687
0 0.960938 0.910937 -0.034375 -0.025000
0 0.947656 0.885156 -0.035937 -0.029687
0 0.939844 0.855469 -0.029687 -0.035937
0 0.930469 0.828125 -0.023438 -0.021875
0 0.916406 0.800000 -0.032813 -0.028125
0 0.903125 0.771094 -0.028125 -0.026562
0 0.894531 0.748437 -0.032813 -0.031250
0 0.880469 0.713281 -0.032813 -0.035937
0 0.867188 0.683594 -0.031250 -0.029687
0 0.881250 0.710938 -0.034375 -0.031250
0 0.854688 0.652344 -0.037500 -0.032813
0 0.844531 0.625781 -0.032813 -0.026562
0 0.885938 0.626563 0.043750 0.025000
0 0.900781 0.659375 0.032813 0.037500
0 0.910937 0.691406 0.040625 0.029687
0 0.917969 0.718750 0.032813 0.025000
0 0.927344 0.744531 0.026562 0.026562
0 0.936719 0.772656 0.039062 0.023438
0 0.953125 0.804688 0.040625 0.031250
0 0.969531 0.833594 0.032813 0.032813
0 0.977344 0.864062 0.029687 0.028125
0 0.985156 0.892969 0.020313 0.032813
0 0.991406 0.919531 0.010937 0.026562
0 0.927344 0.625000 0.029687 0.031250
0 0.935937 0.655469 0.025000 0.029687
0 0.946875 0.685156 0.031250 0.026562
0 0.958594 0.714063 0.029687 0.034375
0 0.965625 0.743750 0.040625 0.028125
0 0.978125 0.775781 0.034375 0.032813
0 0.987500 0.805469 0.018750 0.026562
0 0.992188 0.834375 0.009375 0.025000
0 0.959375 0.607031 0.031250 0.029687
0 0.966406 0.643750 0.035937 0.034375
0 0.981250 0.673438 0.031250 0.028125
0 0.986719 0.707812 0.020313 0.034375
0 0.990625 0.741406 0.009375 0.023438
0 0.982812 0.602344 0.028125 0.032813
0 0.986719 0.632812 0.014063 0.034375
0 0.991406 0.653125 0.007812 0.009375
